Execution of the code with theses parameters
On this image bro 5c.png
generations : 500
generations2 :0
population_size :200
seed : 69
polygons :5
mutation_rate :1
mating_prob : 0.05
mutate_pt :0.8
shuffle :0.05
remove_poly :0.02
add_poly :0.05
change_cr :0.03
add_pt :0.05
independance :False
mutate_pt2 :0.8
shuffle2 :0.05
remove_poly20.02
add_poly2 :0.05
change_cr2 :0.03
add_pt2 :0.05
independance2 :FalseWe got theses results 
gen	nevals	avg     	std        	max     
0  	200   	0.654768	0.0081898  	0.680611
1  	197   	0.678434	0.00593414 	0.724588
2  	197   	0.704188	0.0148007  	0.73509 
3  	197   	0.730524	0.00328326 	0.735929
4  	197   	0.735643	0.000555126	0.739822
5  	197   	0.737622	0.00144423 	0.740694
6  	197   	0.740264	0.000753384	0.744799
7  	197   	0.742889	0.00188951 	0.746185
8  	197   	0.745557	0.000712913	0.747365
9  	197   	0.746837	0.000746615	0.748632
10 	197   	0.748089	0.000629091	0.750165
11 	197   	0.749684	0.000835882	0.752872
12 	197   	0.751972	0.00101714 	0.756662
13 	197   	0.754353	0.00148662 	0.75804 
14 	197   	0.757166	0.000789642	0.758554
15 	197   	0.758334	0.000257911	0.759193
16 	197   	0.75886 	0.000624288	0.760862
17 	197   	0.760295	0.000815899	0.76212 
18 	197   	0.76167 	0.000956983	0.765643
19 	197   	0.764126	0.00129198 	0.766658
20 	197   	0.766066	0.000647573	0.768126
21 	197   	0.76746 	0.00101734 	0.769497
22 	197   	0.768794	0.000731935	0.770273
23 	197   	0.769777	0.000651255	0.771313
24 	197   	0.770816	0.000826627	0.772859
25 	197   	0.772116	0.0009061  	0.774174
26 	197   	0.773222	0.00101248 	0.774582
27 	197   	0.774189	0.00122092 	0.775915
28 	197   	0.775077	0.00093919 	0.77611 
29 	197   	0.775786	0.000862316	0.777207
30 	197   	0.776628	0.000566265	0.777578
31 	197   	0.777407	0.00054882 	0.778632
32 	197   	0.778144	0.000860771	0.779676
33 	197   	0.779004	0.00048611 	0.78024 
34 	197   	0.779947	0.00055526 	0.780374
35 	197   	0.78022 	0.000461399	0.780936
36 	197   	0.780579	0.000811266	0.781909
37 	197   	0.781225	0.00108036 	0.782746
38 	197   	0.782277	0.0013112  	0.785689
39 	197   	0.784162	0.00107784 	0.785956
40 	197   	0.785719	0.00070018 	0.786387
41 	197   	0.786018	0.000656635	0.787358
42 	197   	0.786794	0.00153939 	0.787733
43 	197   	0.787491	0.000641755	0.788327
44 	197   	0.787991	0.000457697	0.788614
45 	197   	0.788436	0.000458733	0.789592
46 	197   	0.789041	0.00063416 	0.789909
47 	197   	0.789736	0.000531655	0.790351
48 	197   	0.790053	0.000900695	0.791215
49 	197   	0.79069 	0.000721694	0.792442
50 	197   	0.791641	0.000730106	0.793509
51 	197   	0.79275 	0.0009352  	0.793578
52 	197   	0.793387	0.000607613	0.794216
53 	197   	0.793702	0.000764681	0.794948
54 	197   	0.794387	0.000498791	0.79545 
55 	197   	0.795011	0.000944634	0.795847
56 	197   	0.795464	0.000738903	0.796614
57 	197   	0.79606 	0.000742882	0.797506
58 	197   	0.796775	0.000646689	0.797648
59 	197   	0.797467	0.000503452	0.797907
60 	197   	0.797656	0.000787374	0.798292
61 	197   	0.79795 	0.00113982 	0.798892
62 	197   	0.798498	0.000599107	0.799225
63 	197   	0.798874	0.000718514	0.799317
64 	197   	0.799194	0.00046548 	0.799631
65 	197   	0.799384	0.000713142	0.799816
66 	197   	0.799657	0.000443264	0.800421
67 	197   	0.800043	0.000405055	0.801294
68 	197   	0.800579	0.000796616	0.801491
69 	197   	0.801152	0.000974965	0.801691
70 	197   	0.801444	0.00092226 	0.801796
71 	197   	0.801532	0.000785301	0.802005
72 	197   	0.801756	0.00068885 	0.802977
73 	197   	0.802255	0.000761525	0.803323
74 	197   	0.803014	0.000559703	0.803461
75 	197   	0.80322 	0.000723043	0.8042  
76 	197   	0.803836	0.000399712	0.804679
77 	197   	0.80435 	0.000596311	0.804986
78 	197   	0.804591	0.00101923 	0.805446
79 	197   	0.805035	0.000820586	0.806002
80 	197   	0.805475	0.000924094	0.806332
81 	197   	0.80583 	0.00130165 	0.806492
82 	197   	0.806292	0.000565934	0.807408
83 	197   	0.806787	0.000800729	0.807708
84 	197   	0.807414	0.000712689	0.808573
85 	197   	0.80792 	0.000617967	0.809765
86 	197   	0.80879 	0.00104332 	0.81005 
87 	197   	0.809765	0.000613941	0.810478
88 	197   	0.810061	0.000601815	0.810765
89 	197   	0.810559	0.000448371	0.811073
90 	197   	0.810719	0.000596291	0.81146 
91 	197   	0.811082	0.000908962	0.812359
92 	197   	0.811597	0.00118653 	0.812499
93 	197   	0.812163	0.00122439 	0.812857
94 	197   	0.812535	0.000813443	0.813823
95 	197   	0.813051	0.000837608	0.813869
96 	197   	0.813671	0.000736389	0.814357
97 	197   	0.81409 	0.000460167	0.814668
98 	197   	0.814322	0.000977096	0.814945
99 	197   	0.814607	0.0009523  	0.815378
100	197   	0.814878	0.00116005 	0.815711
101	197   	0.815192	0.00130979 	0.816027
102	197   	0.815665	0.00106042 	0.816527
103	197   	0.816161	0.000589396	0.816839
104	197   	0.816496	0.000949806	0.817091
105	197   	0.816796	0.000820386	0.817683
106	197   	0.817346	0.000472628	0.818189
107	197   	0.817603	0.00106331 	0.818538
108	197   	0.818177	0.000741272	0.819764
109	197   	0.818827	0.000647986	0.819949
110	197   	0.819717	0.000712703	0.822573
111	197   	0.8209  	0.00168726 	0.822827
112	197   	0.822468	0.000787072	0.82306 
113	197   	0.822664	0.00111723 	0.823263
114	197   	0.823024	0.000724282	0.823793
115	197   	0.823444	0.000627831	0.824278
116	197   	0.823807	0.000723392	0.82442 
117	197   	0.82404 	0.00128973 	0.824579
118	197   	0.824254	0.000918027	0.824753
119	197   	0.824493	0.000914344	0.824976
120	197   	0.824645	0.00100733 	0.825248
121	197   	0.824933	0.000571399	0.825371
122	197   	0.824796	0.00174728 	0.825798
123	197   	0.82545 	0.000454168	0.825898
124	197   	0.825638	0.000921881	0.826339
125	197   	0.825878	0.00130891 	0.826489
126	197   	0.826201	0.0010234  	0.826721
127	197   	0.826294	0.000857607	0.826948
128	197   	0.826642	0.000875043	0.82699 
129	197   	0.826701	0.00100952 	0.827437
130	197   	0.82699 	0.00108537 	0.827769
131	197   	0.827331	0.00105953 	0.828904
132	197   	0.828089	0.000765669	0.829133
133	197   	0.828892	0.000750062	0.829257
134	197   	0.829026	0.000705115	0.829349
135	197   	0.829011	0.00149955 	0.830266
136	197   	0.829271	0.00154533 	0.830527
137	197   	0.830181	0.000771394	0.831109
138	197   	0.830447	0.000975814	0.831551
139	197   	0.831097	0.00108691 	0.831653
140	197   	0.831316	0.00127234 	0.831867
141	197   	0.831559	0.000843526	0.832088
142	197   	0.831725	0.00114366 	0.832197
143	197   	0.831939	0.000970551	0.83243 
144	197   	0.832022	0.00137622 	0.83273 
145	197   	0.832271	0.00104757 	0.832795
146	197   	0.83258 	0.000947942	0.833352
147	197   	0.833002	0.000763777	0.833499
148	197   	0.833211	0.000926041	0.833632
149	197   	0.833229	0.00106351 	0.833841
150	197   	0.833531	0.000867443	0.833935
151	197   	0.833546	0.00155409 	0.834711
152	197   	0.833815	0.00180651 	0.834903
153	197   	0.834453	0.0012177  	0.835056
154	197   	0.834758	0.00113295 	0.835396
155	197   	0.834999	0.00107388 	0.835499
156	197   	0.835186	0.00107909 	0.836075
157	197   	0.835486	0.000913185	0.836122
158	197   	0.835841	0.00104688 	0.83625 
159	197   	0.835895	0.00121147 	0.836297
160	197   	0.836042	0.000879849	0.836438
161	197   	0.836195	0.00083004 	0.836608
162	197   	0.836254	0.000947401	0.83681 
163	197   	0.836485	0.00095579 	0.836974
164	197   	0.836598	0.00148842 	0.837057
165	197   	0.83671 	0.00133874 	0.837179
166	197   	0.83697 	0.000650707	0.837695
167	197   	0.837092	0.00107074 	0.837895
168	197   	0.837568	0.000935853	0.838116
169	197   	0.837758	0.000939198	0.838151
170	197   	0.837906	0.000988388	0.838466
171	197   	0.838183	0.000608273	0.838672
172	197   	0.838289	0.00107145 	0.838802
173	197   	0.838512	0.000810968	0.838935
174	197   	0.838687	0.000711985	0.839274
175	197   	0.838708	0.00126797 	0.839389
176	197   	0.839129	0.000774018	0.839579
177	197   	0.839317	0.00065006 	0.839685
178	197   	0.839373	0.000980499	0.839901
179	197   	0.839625	0.000799768	0.839968
180	197   	0.839748	0.000645059	0.840143
181	197   	0.839842	0.000821498	0.840448
182	197   	0.839976	0.00128579 	0.840505
183	197   	0.840217	0.00129822 	0.842214
184	197   	0.840667	0.00153245 	0.842267
185	197   	0.841982	0.00108567 	0.842704
186	197   	0.842262	0.0010336  	0.843125
187	197   	0.842591	0.00155431 	0.843252
188	197   	0.842811	0.00121847 	0.843354
189	197   	0.843033	0.000949116	0.843496
190	197   	0.84303 	0.00139698 	0.843674
191	197   	0.843355	0.00122933 	0.843757
192	197   	0.84357 	0.000803447	0.84406 
193	197   	0.843741	0.000548407	0.844202
194	197   	0.843924	0.000751803	0.844338
195	197   	0.843968	0.00112278 	0.844434
196	197   	0.844083	0.00122809 	0.844597
197	197   	0.844207	0.0011555  	0.84469 
198	197   	0.844409	0.000876041	0.845038
199	197   	0.84456 	0.00113096 	0.845107
200	197   	0.844835	0.000991082	0.845338
201	197   	0.844978	0.000999575	0.845455
202	197   	0.845205	0.00085479 	0.845656
203	197   	0.845339	0.00126494 	0.845743
204	197   	0.845504	0.000805848	0.845842
205	197   	0.845593	0.000681057	0.845925
206	197   	0.845436	0.00168623 	0.846037
207	197   	0.845596	0.00189155 	0.84634 
208	197   	0.845864	0.00133669 	0.846423
209	197   	0.84613 	0.000924156	0.846664
210	197   	0.846384	0.000716047	0.846741
211	197   	0.846423	0.00114575 	0.847699
212	197   	0.846712	0.00131662 	0.847731
213	197   	0.8474  	0.00117176 	0.848083
214	197   	0.84772 	0.000773327	0.848161
215	197   	0.847895	0.000971789	0.848371
216	197   	0.847995	0.000919807	0.848543
217	197   	0.848179	0.0013216  	0.84935 
218	197   	0.848595	0.000737761	0.849393
219	197   	0.849136	0.00110487 	0.849587
220	197   	0.849219	0.00116173 	0.849694
221	197   	0.849283	0.0012597  	0.849893
222	197   	0.849447	0.00154462 	0.850041
223	197   	0.849704	0.00107819 	0.850147
224	197   	0.849907	0.000895484	0.850259
225	197   	0.849907	0.00125499 	0.850569
226	197   	0.850075	0.00139865 	0.850707
227	197   	0.850361	0.000980632	0.850736
228	197   	0.850478	0.000956946	0.850974
229	197   	0.850613	0.000999466	0.851254
230	197   	0.850686	0.00138897 	0.851361
231	197   	0.851093	0.000963091	0.851659
232	197   	0.851256	0.000990994	0.851798
233	197   	0.851103	0.00212371 	0.851876
234	197   	0.851649	0.000714877	0.851897
235	197   	0.851666	0.000880086	0.852044
236	197   	0.851711	0.00116236 	0.852896
237	197   	0.852145	0.00098123 	0.853051
238	197   	0.852591	0.00132856 	0.853133
239	197   	0.85269 	0.00158361 	0.85322 
240	197   	0.852896	0.00117826 	0.853481
241	197   	0.853043	0.00118729 	0.853592
242	197   	0.85324 	0.00144449 	0.853774
243	197   	0.853187	0.0019417  	0.854306
244	197   	0.853599	0.00142665 	0.854342
245	197   	0.854094	0.00113834 	0.854421
246	197   	0.853906	0.00168759 	0.85447 
247	197   	0.853932	0.00184781 	0.85455 
248	197   	0.854147	0.00135654 	0.854598
249	197   	0.854143	0.0016077  	0.854623
250	197   	0.854262	0.00110445 	0.854747
251	197   	0.85439 	0.000984057	0.854835
252	197   	0.854421	0.00144907 	0.854956
253	197   	0.854644	0.000975032	0.855041
254	197   	0.854806	0.000957263	0.855068
255	197   	0.85485 	0.000964   	0.855215
256	197   	0.854795	0.00150752 	0.855349
257	197   	0.854942	0.00138771 	0.855464
258	197   	0.854873	0.00193547 	0.85568 
259	197   	0.855407	0.000682881	0.855704
260	197   	0.855407	0.000978535	0.855776
261	197   	0.855382	0.00178886 	0.855797
262	197   	0.85567 	0.000527605	0.855894
263	197   	0.855529	0.00149003 	0.855987
264	197   	0.855694	0.000976419	0.85607 
265	197   	0.855732	0.00117058 	0.856194
266	197   	0.855762	0.00152941 	0.85633 
267	197   	0.855992	0.00097407 	0.856396
268	197   	0.85615 	0.00078183 	0.85727 
269	197   	0.856541	0.000768114	0.857716
270	197   	0.857118	0.00117042 	0.857755
271	197   	0.857482	0.000991075	0.857842
272	197   	0.857522	0.00120117 	0.857905
273	197   	0.857685	0.000691374	0.857921
274	197   	0.857656	0.00101237 	0.858057
275	197   	0.857742	0.00105683 	0.858172
276	197   	0.857878	0.00126235 	0.858213
277	197   	0.857967	0.000819996	0.85836 
278	197   	0.858028	0.00105724 	0.858438
279	197   	0.858153	0.00085872 	0.858494
280	197   	0.858021	0.00153667 	0.858614
281	197   	0.858243	0.0014316  	0.858649
282	197   	0.858423	0.000917499	0.858806
283	197   	0.858507	0.000944845	0.858946
284	197   	0.858572	0.00117443 	0.859083
285	197   	0.858708	0.000907466	0.859242
286	197   	0.858816	0.00112057 	0.859294
287	197   	0.859147	0.000569417	0.859369
288	197   	0.859027	0.00119755 	0.859437
289	197   	0.859004	0.00164634 	0.85951 
290	197   	0.859095	0.00144597 	0.859818
291	197   	0.859465	0.000839972	0.859907
292	197   	0.859395	0.0016977  	0.859975
293	197   	0.859712	0.00104919 	0.860435
294	197   	0.859968	0.000622353	0.860484
295	197   	0.860251	0.000929214	0.860636
296	197   	0.860244	0.00106293 	0.860762
297	197   	0.860351	0.0010878  	0.860833
298	197   	0.860416	0.00150028 	0.860907
299	197   	0.86061 	0.000951374	0.860961
300	197   	0.860715	0.00114238 	0.861052
301	197   	0.860578	0.00153273 	0.861126
302	197   	0.860652	0.00141527 	0.861257
303	197   	0.860877	0.00162799 	0.861346
304	197   	0.861141	0.000717962	0.861446
305	197   	0.861202	0.000741242	0.86169 
306	197   	0.861187	0.00145113 	0.861781
307	197   	0.861433	0.00114834 	0.861787
308	197   	0.861548	0.00112518 	0.861874
309	197   	0.861557	0.000977428	0.86193 
310	197   	0.861628	0.00107461 	0.862021
311	197   	0.861737	0.000859176	0.862284
312	197   	0.861825	0.00114607 	0.862299
313	197   	0.862015	0.000966782	0.862371
314	197   	0.862007	0.00129215 	0.862496
315	197   	0.862225	0.000893112	0.862612
316	197   	0.862205	0.00130532 	0.862694
317	197   	0.862494	0.000701333	0.862771
318	197   	0.862415	0.0014576  	0.862882
319	197   	0.862535	0.000975711	0.863101
320	197   	0.862602	0.0013624  	0.863179
321	197   	0.862585	0.00201452 	0.863228
322	197   	0.862917	0.00147947 	0.863259
323	197   	0.862946	0.0011082  	0.863337
324	197   	0.863002	0.000972302	0.863396
325	197   	0.863041	0.00155351 	0.863554
326	197   	0.863185	0.000934535	0.863735
327	197   	0.863391	0.000916862	0.863798
328	197   	0.863222	0.00179014 	0.863835
329	197   	0.863633	0.00105912 	0.863871
330	197   	0.863417	0.00165603 	0.863951
331	197   	0.863548	0.00173355 	0.864067
332	197   	0.863684	0.0011709  	0.864142
333	197   	0.863724	0.00132239 	0.864214
334	197   	0.863882	0.00127333 	0.864336
335	197   	0.863916	0.00107741 	0.864454
336	197   	0.864176	0.000869775	0.86456 
337	197   	0.864144	0.00135076 	0.864655
338	197   	0.864241	0.0016613  	0.86494 
339	197   	0.864522	0.000968798	0.864991
340	197   	0.864721	0.00108827 	0.8651  
341	197   	0.864831	0.000845511	0.865182
342	197   	0.864775	0.00160675 	0.865295
343	197   	0.864906	0.00127715 	0.865314
344	197   	0.865155	0.000808275	0.865465
345	197   	0.865082	0.00130632 	0.865548
346	197   	0.865225	0.0010808  	0.865638
347	197   	0.865289	0.00125745 	0.865809
348	197   	0.865316	0.00132221 	0.865895
349	197   	0.865558	0.00141022 	0.865986
350	197   	0.865588	0.00139352 	0.866025
351	197   	0.865651	0.00111301 	0.866048
352	197   	0.865602	0.0014742  	0.866334
353	197   	0.865948	0.000901601	0.866359
354	197   	0.866057	0.00106385 	0.866467
355	197   	0.866192	0.00115027 	0.866523
356	197   	0.865905	0.0015975  	0.866565
357	197   	0.866113	0.00163477 	0.866606
358	197   	0.866302	0.00122012 	0.866662
359	197   	0.866237	0.00148818 	0.866698
360	197   	0.866316	0.00133449 	0.866769
361	197   	0.86623 	0.00190693 	0.866924
362	197   	0.86651 	0.00107443 	0.866982
363	197   	0.866626	0.00133034 	0.867067
364	197   	0.866754	0.00101762 	0.867112
365	197   	0.866856	0.000922217	0.867182
366	197   	0.866656	0.00167875 	0.867205
367	197   	0.866838	0.00127066 	0.867233
368	197   	0.866874	0.00123612 	0.8673  
369	197   	0.866863	0.00139764 	0.867374
370	197   	0.866883	0.00163826 	0.867488
371	197   	0.867136	0.00103583 	0.867563
372	197   	0.867273	0.000934532	0.867645
373	197   	0.867174	0.00150161 	0.867712
374	197   	0.867395	0.0013354  	0.867748
375	197   	0.86736 	0.00140862 	0.867844
376	197   	0.867281	0.00234166 	0.867904
377	197   	0.867394	0.00146641 	0.868167
378	197   	0.867678	0.00128975 	0.868264
379	197   	0.867845	0.00178015 	0.868511
380	197   	0.868049	0.00117087 	0.868633
381	197   	0.868384	0.000787849	0.868812
382	197   	0.868305	0.00150332 	0.868852
383	197   	0.868583	0.000814629	0.868905
384	197   	0.868579	0.00118387 	0.869072
385	197   	0.868834	0.000658133	0.869097
386	197   	0.868638	0.00165981 	0.869204
387	197   	0.868956	0.000870292	0.869314
388	197   	0.868707	0.00214331 	0.869348
389	197   	0.869035	0.00131926 	0.869461
390	197   	0.868962	0.00158081 	0.869508
391	197   	0.868999	0.00200313 	0.869542
392	197   	0.869271	0.00124014 	0.869758
393	197   	0.869217	0.00141729 	0.86979 
394	197   	0.869187	0.00197226 	0.870048
395	197   	0.869467	0.00204382 	0.870175
396	197   	0.8698  	0.00120869 	0.87026 
397	197   	0.869908	0.00118446 	0.870361
398	197   	0.86977 	0.00182489 	0.870383
399	197   	0.869964	0.00170447 	0.870438
400	197   	0.870075	0.00130608 	0.87047 
401	197   	0.870158	0.00121797 	0.870569
402	197   	0.870323	0.000727009	0.870634
403	197   	0.870275	0.0011764  	0.870917
404	197   	0.8705  	0.00098225 	0.870984
405	197   	0.870447	0.00153103 	0.871079
406	197   	0.870467	0.00194544 	0.871104
407	197   	0.870635	0.00168279 	0.871129
408	197   	0.870802	0.00112127 	0.871241
409	197   	0.870728	0.00152665 	0.871277
410	197   	0.870912	0.00136872 	0.871288
411	197   	0.870913	0.00159796 	0.871421
412	197   	0.871024	0.00139085 	0.871468
413	197   	0.871207	0.000750232	0.871513
414	197   	0.871144	0.00129071 	0.871568
415	197   	0.871114	0.00149553 	0.871621
416	197   	0.871268	0.00146856 	0.871688
417	197   	0.871379	0.000938072	0.871699
418	197   	0.871404	0.00109851 	0.871758
419	197   	0.871454	0.00128982 	0.871814
420	197   	0.871431	0.00140183 	0.871845
421	197   	0.871587	0.00105898 	0.871889
422	197   	0.871549	0.00110052 	0.871964
423	197   	0.871377	0.00252046 	0.872042
424	197   	0.871686	0.00128626 	0.872061
425	197   	0.871769	0.00119726 	0.872121
426	197   	0.87174 	0.00167677 	0.872141
427	197   	0.871835	0.00142637 	0.87221 
428	197   	0.871793	0.00138024 	0.872244
429	197   	0.871801	0.0014425  	0.872375
430	197   	0.871974	0.00124667 	0.872427
431	197   	0.87219 	0.000742296	0.872488
432	197   	0.872158	0.00140039 	0.872616
433	197   	0.872123	0.00137542 	0.872687
434	197   	0.872443	0.000790014	0.872712
435	197   	0.872238	0.0016893  	0.872819
436	197   	0.872549	0.000989289	0.872861
437	197   	0.872451	0.0014511  	0.87292 
438	197   	0.872632	0.00107245 	0.872957
439	197   	0.872444	0.00168462 	0.872989
440	197   	0.872557	0.00140633 	0.873057
441	197   	0.872633	0.0012914  	0.873084
442	197   	0.872891	0.000864859	0.873118
443	197   	0.872794	0.00110505 	0.873158
444	197   	0.872771	0.00154739 	0.873209
445	197   	0.872834	0.00148625 	0.873232
446	197   	0.872797	0.00152804 	0.873279
447	197   	0.872927	0.000988885	0.873327
448	197   	0.87304 	0.00107816 	0.873366
449	197   	0.872926	0.00129972 	0.873396
450	197   	0.872996	0.00121966 	0.873519
451	197   	0.873251	0.000846371	0.873615
452	197   	0.873189	0.00138047 	0.87365 
453	197   	0.873216	0.00145057 	0.8737  
454	197   	0.873474	0.000895369	0.873742
455	197   	0.873412	0.0012493  	0.873758
456	197   	0.873485	0.00108161 	0.873796
457	197   	0.873413	0.0013928  	0.873827
458	197   	0.87358 	0.000758051	0.873846
459	197   	0.873333	0.00172866 	0.873975
460	197   	0.873649	0.000867767	0.873985
461	197   	0.873715	0.00106009 	0.874069
462	197   	0.873506	0.00222149 	0.874093
463	197   	0.873802	0.00132621 	0.874163
464	197   	0.873708	0.00193451 	0.874245
465	197   	0.873851	0.00121656 	0.874271
466	197   	0.873961	0.00121975 	0.874321
467	197   	0.874003	0.0011302  	0.874389
468	197   	0.873869	0.00176832 	0.874869
469	197   	0.874406	0.000845053	0.874989
470	197   	0.874362	0.00205203 	0.875058
471	197   	0.874612	0.0015746  	0.875074
472	197   	0.874767	0.00144726 	0.875086
473	197   	0.874802	0.00100139 	0.875125
474	197   	0.874881	0.00115322 	0.875141
475	197   	0.8747  	0.00144472 	0.875251
476	197   	0.875   	0.00102721 	0.875339
477	197   	0.874976	0.00141064 	0.875464
478	197   	0.875269	0.000584172	0.875793
479	197   	0.875338	0.00109556 	0.875853
480	197   	0.875545	0.00105544 	0.875877
481	197   	0.875622	0.000954365	0.875941
482	197   	0.875444	0.00172345 	0.875969
483	197   	0.875545	0.00182996 	0.876052
484	197   	0.875749	0.00103421 	0.876062
485	197   	0.875592	0.00168318 	0.876107
486	197   	0.87583 	0.000974879	0.876118
487	197   	0.875796	0.00144423 	0.876174
488	197   	0.875529	0.00205116 	0.876259
489	197   	0.875901	0.00112978 	0.876302
490	197   	0.876038	0.000994891	0.876322
491	197   	0.876064	0.00113891 	0.876423
492	197   	0.876163	0.000791705	0.876463
493	197   	0.876051	0.00133349 	0.876523
494	197   	0.876099	0.00154823 	0.876582
495	197   	0.876095	0.00198047 	0.87668 
496	197   	0.876242	0.00124601 	0.876756
497	197   	0.876269	0.00150211 	0.8768  
498	197   	0.876462	0.00113564 	0.877114
499	197   	0.876459	0.00175118 	0.877239
500	197   	0.876774	0.00158088 	0.877296