Execution of the code with theses parameters
On this image bro 5c.png
generations : 500
generations2 :0
population_size :200
seed : 21
polygons :5
mutation_rate :1
mating_prob : 0.05
mutate_pt :0.6
shuffle :0.05
remove_poly :0.05
add_poly :0.1
change_cr :0.1
add_pt :0.1
independance :False
mutate_pt2 :0.8
shuffle2 :0.05
remove_poly20.02
add_poly2 :0.05
change_cr2 :0.03
add_pt2 :0.05
independance2 :FalseWe got theses results 
gen	nevals	avg     	std        	max     
0  	200   	0.656852	0.00848322 	0.691552
1  	197   	0.691734	0.00281869 	0.704522
2  	197   	0.704744	0.00257223 	0.726131
3  	197   	0.72606 	0.00162342 	0.736509
4  	197   	0.736454	0.000931699	0.740965
5  	197   	0.740997	0.000713083	0.748393
6  	197   	0.748299	0.000788551	0.751342
7  	197   	0.751291	0.00051075 	0.754381
8  	197   	0.754346	0.000601292	0.757011
9  	197   	0.756865	0.000618678	0.758127
10 	197   	0.757794	0.00118168 	0.76    
11 	197   	0.759835	0.000724293	0.762015
12 	197   	0.761797	0.000868968	0.763225
13 	197   	0.76304 	0.000676631	0.76568 
14 	197   	0.765441	0.0010124  	0.76795 
15 	197   	0.767736	0.000795949	0.768998
16 	197   	0.768656	0.00128135 	0.769607
17 	197   	0.769314	0.00123174 	0.771394
18 	197   	0.771276	0.000472291	0.772347
19 	197   	0.77215 	0.000724899	0.774543
20 	197   	0.774221	0.00107663 	0.775633
21 	197   	0.775321	0.00116289 	0.776011
22 	197   	0.7759  	0.000429261	0.776955
23 	197   	0.776742	0.00116387 	0.779324
24 	197   	0.77916 	0.000709014	0.78013 
25 	197   	0.779949	0.000835877	0.78144 
26 	197   	0.781202	0.000890647	0.782206
27 	197   	0.782011	0.000897752	0.783442
28 	197   	0.783137	0.00135763 	0.784299
29 	197   	0.784095	0.000843073	0.784828
30 	197   	0.784413	0.00146326 	0.785405
31 	197   	0.785082	0.00123336 	0.786338
32 	197   	0.786151	0.000716514	0.78685 
33 	197   	0.786552	0.000812825	0.787257
34 	197   	0.786917	0.00119681 	0.788087
35 	197   	0.787613	0.00169484 	0.789047
36 	197   	0.788684	0.00108522 	0.789904
37 	197   	0.789673	0.000904008	0.790423
38 	197   	0.790036	0.00127556 	0.790855
39 	197   	0.790627	0.000781782	0.79125 
40 	197   	0.790908	0.00132542 	0.791501
41 	197   	0.791216	0.000836309	0.793035
42 	197   	0.792663	0.0013021  	0.793516
43 	197   	0.793231	0.00109781 	0.794704
44 	197   	0.794448	0.000809252	0.795129
45 	197   	0.795002	0.000438014	0.795633
46 	197   	0.795336	0.0010992  	0.795992
47 	197   	0.795746	0.000819828	0.796965
48 	197   	0.796588	0.00121777 	0.797311
49 	197   	0.796975	0.00115482 	0.79756 
50 	197   	0.797039	0.00178786 	0.797891
51 	197   	0.797524	0.00110353 	0.799025
52 	197   	0.798505	0.00132272 	0.799265
53 	197   	0.798947	0.00115021 	0.799496
54 	197   	0.799165	0.00140496 	0.799702
55 	197   	0.799218	0.00155563 	0.800386
56 	197   	0.799935	0.00151358 	0.800766
57 	197   	0.800397	0.0012665  	0.801104
58 	197   	0.800775	0.00124283 	0.802053
59 	197   	0.801592	0.0015497  	0.803023
60 	197   	0.802648	0.0011242  	0.803944
61 	197   	0.803545	0.00122518 	0.804409
62 	197   	0.804081	0.00109758 	0.805112
63 	197   	0.804767	0.00129176 	0.80663 
64 	197   	0.806281	0.00138644 	0.807081
65 	197   	0.806571	0.00185358 	0.807558
66 	197   	0.807149	0.00124884 	0.807812
67 	197   	0.807349	0.00156889 	0.807962
68 	197   	0.807598	0.00122437 	0.808277
69 	197   	0.808018	0.000760749	0.808585
70 	197   	0.808353	0.000841843	0.809814
71 	197   	0.809489	0.00102562 	0.810221
72 	197   	0.809644	0.00188618 	0.811091
73 	197   	0.810879	0.000948204	0.811252
74 	197   	0.810814	0.00143421 	0.811413
75 	197   	0.811134	0.00110521 	0.811758
76 	197   	0.811476	0.000996192	0.812125
77 	197   	0.811793	0.00124945 	0.812715
78 	197   	0.812313	0.00101428 	0.81291 
79 	197   	0.812679	0.000806563	0.81373 
80 	197   	0.813379	0.00120838 	0.813917
81 	197   	0.813572	0.00156416 	0.81397 
82 	197   	0.813604	0.00124316 	0.814206
83 	197   	0.813857	0.00125149 	0.814498
84 	197   	0.814194	0.000959435	0.815061
85 	197   	0.814821	0.000839433	0.815502
86 	197   	0.814909	0.00198367 	0.815696
87 	197   	0.81535 	0.001324   	0.816214
88 	197   	0.815656	0.00134356 	0.816298
89 	197   	0.815958	0.00120884 	0.816921
90 	197   	0.816576	0.00101196 	0.817118
91 	197   	0.816763	0.00134502 	0.817391
92 	197   	0.817094	0.000940499	0.818431
93 	197   	0.817998	0.00159449 	0.819604
94 	197   	0.819152	0.0013487  	0.819951
95 	197   	0.819418	0.00143454 	0.820056
96 	197   	0.819659	0.00136619 	0.82035 
97 	197   	0.820011	0.00125846 	0.820514
98 	197   	0.820187	0.00153861 	0.820736
99 	197   	0.820374	0.00137022 	0.820894
100	197   	0.82068 	0.000667461	0.821239
101	197   	0.821007	0.00085821 	0.821428
102	197   	0.820971	0.00156766 	0.82168 
103	197   	0.821312	0.00128216 	0.822066
104	197   	0.821567	0.00178542 	0.822312
105	197   	0.822037	0.000788255	0.822643
106	197   	0.822196	0.00127171 	0.823122
107	197   	0.822544	0.00184174 	0.823168
108	197   	0.822687	0.00156708 	0.823562
109	197   	0.823113	0.00135541 	0.82383 
110	197   	0.823431	0.00139937 	0.824246
111	197   	0.823733	0.00166016 	0.824753
112	197   	0.82441 	0.000967245	0.824878
113	197   	0.824342	0.00170567 	0.824984
114	197   	0.824449	0.0017404  	0.82551 
115	197   	0.82516 	0.0010134  	0.825838
116	197   	0.825434	0.00174651 	0.82613 
117	197   	0.825727	0.00113072 	0.826325
118	197   	0.826008	0.000993562	0.82658 
119	197   	0.826177	0.00157475 	0.826731
120	197   	0.826503	0.000833253	0.826862
121	197   	0.826404	0.00133426 	0.82704 
122	197   	0.826451	0.00195701 	0.827102
123	197   	0.826711	0.00126734 	0.827412
124	197   	0.826868	0.00184094 	0.827603
125	197   	0.826976	0.00203894 	0.827682
126	197   	0.827234	0.00174487 	0.827801
127	197   	0.827436	0.0015832  	0.82831 
128	197   	0.8277  	0.00217556 	0.828452
129	197   	0.828067	0.00130066 	0.828729
130	197   	0.828194	0.00190481 	0.828823
131	197   	0.828286	0.00167802 	0.828999
132	197   	0.828469	0.00188558 	0.829485
133	197   	0.829176	0.00120732 	0.82988 
134	197   	0.829473	0.00153235 	0.830135
135	197   	0.82961 	0.00158408 	0.830384
136	197   	0.829923	0.0013415  	0.830704
137	197   	0.830272	0.0015176  	0.831121
138	197   	0.830691	0.00109966 	0.831238
139	197   	0.830911	0.00111564 	0.831643
140	197   	0.831091	0.00166198 	0.831849
141	197   	0.831342	0.00151331 	0.832091
142	197   	0.831729	0.00109088 	0.832346
143	197   	0.831927	0.00120238 	0.832546
144	197   	0.832037	0.00168673 	0.832595
145	197   	0.832179	0.00156351 	0.832767
146	197   	0.832338	0.00149167 	0.834314
147	197   	0.833643	0.00185641 	0.83473 
148	197   	0.834352	0.00157212 	0.834801
149	197   	0.834439	0.00129297 	0.835119
150	197   	0.834739	0.0011455  	0.835452
151	197   	0.835018	0.00160475 	0.835864
152	197   	0.835405	0.00140454 	0.83615 
153	197   	0.835693	0.00138012 	0.836784
154	197   	0.836513	0.000923827	0.836908
155	197   	0.836359	0.00164359 	0.837107
156	197   	0.836605	0.00188599 	0.837834
157	197   	0.837385	0.00146289 	0.838059
158	197   	0.837472	0.00148799 	0.838272
159	197   	0.837912	0.0010437  	0.838437
160	197   	0.837942	0.00187102 	0.838619
161	197   	0.83838 	0.00102835 	0.839229
162	197   	0.838831	0.00132173 	0.839409
163	197   	0.839044	0.00125553 	0.839674
164	197   	0.839402	0.000884911	0.839697
165	197   	0.83938 	0.00100173 	0.839831
166	197   	0.839528	0.00104107 	0.840307
167	197   	0.839947	0.00123534 	0.840706
168	197   	0.840085	0.00192918 	0.841056
169	197   	0.840668	0.0014985  	0.841231
170	197   	0.840798	0.00156014 	0.841572
171	197   	0.841107	0.00172751 	0.842062
172	197   	0.841674	0.00176872 	0.842389
173	197   	0.841802	0.00166901 	0.842499
174	197   	0.841994	0.00190648 	0.842629
175	197   	0.842139	0.00139834 	0.842962
176	197   	0.842449	0.00152334 	0.843043
177	197   	0.842662	0.00139634 	0.843606
178	197   	0.843135	0.00174349 	0.84377 
179	197   	0.843348	0.00117025 	0.843892
180	197   	0.843492	0.00113552 	0.843958
181	197   	0.843257	0.00206016 	0.844878
182	197   	0.844333	0.0015871  	0.844967
183	197   	0.844488	0.00164687 	0.845092
184	197   	0.844693	0.00139931 	0.845327
185	197   	0.844829	0.00159456 	0.845987
186	197   	0.84561 	0.00112369 	0.846101
187	197   	0.845606	0.00195855 	0.846149
188	197   	0.845753	0.00124008 	0.846285
189	197   	0.845704	0.00175688 	0.84653 
190	197   	0.846002	0.00145233 	0.846698
191	197   	0.846224	0.00146952 	0.846732
192	197   	0.846348	0.00127482 	0.846816
193	197   	0.846293	0.00189231 	0.846909
194	197   	0.846247	0.00249587 	0.846943
195	197   	0.846586	0.0012193  	0.84706 
196	197   	0.846755	0.00101293 	0.84732 
197	197   	0.846879	0.00136401 	0.848143
198	197   	0.847809	0.00139346 	0.848619
199	197   	0.848011	0.00194677 	0.848829
200	197   	0.8484  	0.00152497 	0.849003
201	197   	0.848545	0.00152016 	0.849063
202	197   	0.848657	0.00144616 	0.849235
203	197   	0.848731	0.0015943  	0.850647
204	197   	0.849952	0.00194711 	0.850725
205	197   	0.850368	0.00111771 	0.850896
206	197   	0.850421	0.00156768 	0.850966
207	197   	0.850165	0.0022339  	0.851196
208	197   	0.850612	0.00182251 	0.851338
209	197   	0.850827	0.00175917 	0.851627
210	197   	0.851237	0.00132416 	0.85178 
211	197   	0.851273	0.00159469 	0.852606
212	197   	0.852   	0.00172356 	0.853294
213	197   	0.852792	0.00141134 	0.853358
214	197   	0.852969	0.00113813 	0.853414
215	197   	0.852666	0.00248586 	0.85376 
216	197   	0.853279	0.00148426 	0.855339
217	197   	0.854778	0.0017633  	0.855525
218	197   	0.854815	0.00208047 	0.855689
219	197   	0.855323	0.00124662 	0.855941
220	197   	0.855235	0.00253227 	0.856073
221	197   	0.855666	0.00130147 	0.856265
222	197   	0.855667	0.00191551 	0.856341
223	197   	0.855841	0.0018428  	0.856474
224	197   	0.855892	0.00174316 	0.856765
225	197   	0.856311	0.00141111 	0.856896
226	197   	0.85647 	0.00124419 	0.857067
227	197   	0.856576	0.00151581 	0.857527
228	197   	0.857178	0.00112731 	0.857719
229	197   	0.857073	0.00212363 	0.857907
230	197   	0.857515	0.00162745 	0.858505
231	197   	0.857983	0.00175489 	0.85864 
232	197   	0.85817 	0.00166098 	0.858735
233	197   	0.858294	0.00132162 	0.858785
234	197   	0.858277	0.00173912 	0.858822
235	197   	0.858073	0.00205972 	0.858875
236	197   	0.858387	0.00154164 	0.859227
237	197   	0.858552	0.00184515 	0.859278
238	197   	0.858581	0.00235842 	0.859623
239	197   	0.859285	0.000984878	0.859824
240	197   	0.859345	0.00157621 	0.859964
241	197   	0.859486	0.00140533 	0.860347
242	197   	0.859972	0.00131288 	0.860553
243	197   	0.860153	0.00146952 	0.860743
244	197   	0.860518	0.000716733	0.861018
245	197   	0.860303	0.00218566 	0.86111 
246	197   	0.860474	0.00204803 	0.861204
247	197   	0.860728	0.00166848 	0.861377
248	197   	0.861108	0.00108119 	0.861852
249	197   	0.861337	0.00165422 	0.86191 
250	197   	0.861552	0.00137219 	0.862165
251	197   	0.861556	0.0017624  	0.862315
252	197   	0.861815	0.00202105 	0.862349
253	197   	0.861798	0.00167751 	0.862436
254	197   	0.861888	0.00187055 	0.862561
255	197   	0.862055	0.0015346  	0.862674
256	197   	0.8621  	0.00171838 	0.862797
257	197   	0.862218	0.00173869 	0.86301 
258	197   	0.86234 	0.00220244 	0.863578
259	197   	0.862963	0.00185884 	0.863974
260	197   	0.863529	0.00127733 	0.864039
261	197   	0.863631	0.00128033 	0.864074
262	197   	0.86369 	0.00133964 	0.864133
263	197   	0.863798	0.00129611 	0.864163
264	197   	0.863738	0.00139484 	0.864395
265	197   	0.863758	0.00226471 	0.864467
266	197   	0.863917	0.00180976 	0.864522
267	197   	0.863932	0.00184149 	0.864628
268	197   	0.864255	0.0011986  	0.86481 
269	197   	0.863923	0.00267834 	0.864954
270	197   	0.864526	0.00135673 	0.865056
271	197   	0.864678	0.00146046 	0.86507 
272	197   	0.864522	0.00188841 	0.865227
273	197   	0.864531	0.0026553  	0.865537
274	197   	0.864814	0.00231101 	0.865669
275	197   	0.865284	0.00146912 	0.865799
276	197   	0.865462	0.00124746 	0.865938
277	197   	0.86544 	0.00162273 	0.866148
278	197   	0.865557	0.00159832 	0.866247
279	197   	0.865856	0.00170627 	0.866384
280	197   	0.865818	0.00159984 	0.866436
281	197   	0.86592 	0.00170859 	0.866513
282	197   	0.866055	0.00200366 	0.866595
283	197   	0.866222	0.00110988 	0.866817
284	197   	0.866223	0.00191551 	0.866854
285	197   	0.866458	0.00141497 	0.866992
286	197   	0.866308	0.00219206 	0.867185
287	197   	0.866583	0.00229512 	0.867324
288	197   	0.866639	0.00203117 	0.867381
289	197   	0.866818	0.00180066 	0.867477
290	197   	0.867112	0.00109927 	0.86759 
291	197   	0.866997	0.00182282 	0.867615
292	197   	0.867169	0.00153015 	0.867647
293	197   	0.867278	0.00124364 	0.867774
294	197   	0.867225	0.00186638 	0.867911
295	197   	0.867251	0.00209293 	0.867937
296	197   	0.867325	0.00191473 	0.868166
297	197   	0.867806	0.0012202  	0.868301
298	197   	0.867685	0.00184131 	0.868344
299	197   	0.867857	0.00156981 	0.868414
300	197   	0.867899	0.00144975 	0.868799
301	197   	0.868323	0.00159802 	0.868816
302	197   	0.868309	0.00179873 	0.868867
303	197   	0.86841 	0.00159214 	0.86894 
304	197   	0.868487	0.00148078 	0.869215
305	197   	0.868635	0.00157378 	0.869261
306	197   	0.868419	0.00240823 	0.869388
307	197   	0.868726	0.00197978 	0.869445
308	197   	0.868817	0.00251134 	0.869556
309	197   	0.869255	0.00119957 	0.869712
310	197   	0.869312	0.00121652 	0.869811
311	197   	0.869257	0.00182451 	0.869893
312	197   	0.869471	0.00123247 	0.869982
313	197   	0.869605	0.00161006 	0.870047
314	197   	0.869691	0.000954162	0.87007 
315	197   	0.869699	0.00130435 	0.870184
316	197   	0.869593	0.00170745 	0.870282
317	197   	0.869841	0.00149487 	0.870333
318	197   	0.869968	0.00128674 	0.870524
319	197   	0.870045	0.0016406  	0.870835
320	197   	0.870229	0.00201661 	0.870912
321	197   	0.870435	0.00152508 	0.871045
322	197   	0.870625	0.00156329 	0.87155 
323	197   	0.871059	0.00173863 	0.871761
324	197   	0.871173	0.00180294 	0.871798
325	197   	0.871221	0.00188712 	0.871825
326	197   	0.871349	0.00165348 	0.872076
327	197   	0.871252	0.00268219 	0.872135
328	197   	0.871517	0.00167289 	0.872284
329	197   	0.871828	0.00148667 	0.872375
330	197   	0.871625	0.00216678 	0.872579
331	197   	0.871994	0.00180699 	0.872635
332	197   	0.872082	0.00218994 	0.872649
333	197   	0.872087	0.00182978 	0.872788
334	197   	0.872201	0.0022222  	0.87289 
335	197   	0.872366	0.0016604  	0.872945
336	197   	0.872196	0.00228518 	0.872977
337	197   	0.872189	0.0030071  	0.873236
338	197   	0.872468	0.00202953 	0.873407
339	197   	0.873099	0.0011886  	0.8735  
340	197   	0.872654	0.00262302 	0.873633
341	197   	0.872845	0.00253099 	0.873724
342	197   	0.87306 	0.00214068 	0.873935
343	197   	0.873323	0.00170269 	0.874163
344	197   	0.873598	0.00180808 	0.874324
345	197   	0.873835	0.00166274 	0.874587
346	197   	0.874025	0.00178205 	0.874694
347	197   	0.873923	0.00208104 	0.874741
348	197   	0.874287	0.00180658 	0.874835
349	197   	0.874013	0.00213672 	0.875004
350	197   	0.874301	0.00196356 	0.875259
351	197   	0.874437	0.00242925 	0.875408
352	197   	0.874808	0.00191878 	0.875599
353	197   	0.875135	0.00157943 	0.875642
354	197   	0.8748  	0.00262341 	0.875841
355	197   	0.875344	0.0020121  	0.875979
356	197   	0.875398	0.00182282 	0.876032
357	197   	0.87535 	0.00195232 	0.876128
358	197   	0.875512	0.00191766 	0.876194
359	197   	0.875395	0.00253785 	0.876337
360	197   	0.875695	0.00232472 	0.876396
361	197   	0.875637	0.00219652 	0.876655
362	197   	0.876103	0.00187775 	0.876793
363	197   	0.875828	0.0026372  	0.876856
364	197   	0.876229	0.00168897 	0.876954
365	197   	0.876528	0.00124918 	0.877038
366	197   	0.876317	0.00217287 	0.87718 
367	197   	0.876758	0.00132992 	0.877253
368	197   	0.876818	0.00143342 	0.877403
369	197   	0.876825	0.00202447 	0.877486
370	197   	0.876974	0.00170359 	0.877586
371	197   	0.877043	0.00166744 	0.877641
372	197   	0.877136	0.00174893 	0.877816
373	197   	0.87718 	0.00178251 	0.877929
374	197   	0.877294	0.00214321 	0.878022
375	197   	0.877713	0.000905739	0.878064
376	197   	0.877402	0.00218314 	0.878186
377	197   	0.877467	0.00230589 	0.878321
378	197   	0.877872	0.00150215 	0.878413
379	197   	0.877598	0.00257803 	0.8785  
380	197   	0.87802 	0.0017013  	0.878598
381	197   	0.878238	0.00114358 	0.878633
382	197   	0.878012	0.00203775 	0.878876
383	197   	0.878364	0.00158029 	0.879179
384	197   	0.878727	0.00162911 	0.879273
385	197   	0.878719	0.00159593 	0.879376
386	197   	0.878736	0.00202104 	0.879407
387	197   	0.878989	0.00134888 	0.87946 
388	197   	0.87883 	0.00171048 	0.879546
389	197   	0.879075	0.00159479 	0.879645
390	197   	0.878993	0.00195468 	0.87969 
391	197   	0.878802	0.00223125 	0.879763
392	197   	0.878919	0.0024594  	0.8798  
393	197   	0.879084	0.00216369 	0.879984
394	197   	0.879228	0.00210352 	0.880097
395	197   	0.879615	0.00161479 	0.880143
396	197   	0.879698	0.00141432 	0.880168
397	197   	0.87929 	0.00221799 	0.880202
398	197   	0.879703	0.00182967 	0.880261
399	197   	0.87964 	0.00171834 	0.880784
400	197   	0.88023 	0.00176215 	0.880858
401	197   	0.880126	0.00230729 	0.8812  
402	197   	0.880639	0.00190892 	0.881268
403	197   	0.880754	0.0017565  	0.881368
404	197   	0.88064 	0.00209253 	0.881649
405	197   	0.881033	0.00168891 	0.881777
406	197   	0.881255	0.0018535  	0.881828
407	197   	0.881361	0.00166907 	0.881871
408	197   	0.881402	0.00143408 	0.881924
409	197   	0.881421	0.00193771 	0.882088
410	197   	0.881554	0.00172146 	0.882163
411	197   	0.881561	0.00189314 	0.882184
412	197   	0.881767	0.00138812 	0.882298
413	197   	0.881604	0.00208715 	0.882433
414	197   	0.882024	0.00196576 	0.882634
415	197   	0.882229	0.00111462 	0.882766
416	197   	0.882187	0.00203798 	0.882801
417	197   	0.882181	0.00179319 	0.882916
418	197   	0.882351	0.00173186 	0.883019
419	197   	0.882439	0.00185559 	0.8831  
420	197   	0.882495	0.00226536 	0.883249
421	197   	0.882694	0.0018615  	0.88331 
422	197   	0.882108	0.0032919  	0.883353
423	197   	0.882913	0.0013919  	0.883398
424	197   	0.882751	0.00180595 	0.883468
425	197   	0.882877	0.00282762 	0.883491
426	197   	0.883012	0.00145497 	0.883574
427	197   	0.882958	0.00172925 	0.883691
428	197   	0.882915	0.00219845 	0.883712
429	197   	0.883119	0.00193154 	0.883737
430	197   	0.883261	0.00159671 	0.883877
431	197   	0.883411	0.00158129 	0.88393 
432	197   	0.883285	0.00204709 	0.884034
433	197   	0.883522	0.00161427 	0.884063
434	197   	0.883512	0.00195467 	0.884091
435	197   	0.883165	0.00282753 	0.884135
436	197   	0.883596	0.00164515 	0.884171
437	197   	0.883558	0.00180031 	0.884217
438	197   	0.883486	0.00212889 	0.884257
439	197   	0.883751	0.00172959 	0.884292
440	197   	0.883818	0.00202899 	0.884383
441	197   	0.883822	0.00179648 	0.884422
442	197   	0.883703	0.00209833 	0.884481
443	197   	0.883936	0.00178589 	0.884535
444	197   	0.88405 	0.00164798 	0.884582
445	197   	0.884168	0.00135733 	0.884619
446	197   	0.884049	0.00213991 	0.884672
447	197   	0.884104	0.00229179 	0.884758
448	197   	0.884037	0.00216429 	0.88479 
449	197   	0.884379	0.00141367 	0.88491 
450	197   	0.884169	0.00216933 	0.884966
451	197   	0.884375	0.00202035 	0.885046
452	197   	0.884363	0.00218087 	0.885077
453	197   	0.884551	0.00181553 	0.885125
454	197   	0.884537	0.00206389 	0.885135
455	197   	0.884486	0.00189344 	0.88518 
456	197   	0.884561	0.00190407 	0.88526 
457	197   	0.884875	0.00109697 	0.885348
458	197   	0.884617	0.00262783 	0.885375
459	197   	0.884688	0.00211646 	0.885435
460	197   	0.884784	0.00181579 	0.885475
461	197   	0.884861	0.00201624 	0.885521
462	197   	0.884882	0.00197457 	0.88556 
463	197   	0.884854	0.00179141 	0.885598
464	197   	0.884943	0.00186273 	0.885644
465	197   	0.885143	0.00151003 	0.885709
466	197   	0.885261	0.00165723 	0.885867
467	197   	0.885393	0.00189408 	0.885902
468	197   	0.885182	0.00192685 	0.885949
469	197   	0.885213	0.00224694 	0.885977
470	197   	0.885419	0.00196916 	0.885998
471	197   	0.88539 	0.00234938 	0.886041
472	197   	0.885683	0.00123433 	0.886092
473	197   	0.885465	0.0018962  	0.886125
474	197   	0.885701	0.00142996 	0.886142
475	197   	0.885305	0.0023271  	0.886228
476	197   	0.885707	0.00174103 	0.886326
477	197   	0.885694	0.00184314 	0.886341
478	197   	0.885872	0.00165889 	0.886437
479	197   	0.885711	0.00213765 	0.886544
480	197   	0.885763	0.00222277 	0.886644
481	197   	0.885978	0.00231143 	0.886762
482	197   	0.886309	0.00149165 	0.886849
483	197   	0.886418	0.00149867 	0.886873
484	197   	0.886245	0.00180135 	0.886911
485	197   	0.886186	0.00208572 	0.886954
486	197   	0.886417	0.00195869 	0.886975
487	197   	0.886284	0.00224428 	0.887117
488	197   	0.886496	0.00178249 	0.88719 
489	197   	0.886313	0.00245683 	0.887216
490	197   	0.886273	0.00295268 	0.887606
491	197   	0.887109	0.00159727 	0.887716
492	197   	0.887165	0.00189119 	0.887746
493	197   	0.887334	0.00140831 	0.887774
494	197   	0.887352	0.00174166 	0.887818
495	197   	0.887384	0.0013686  	0.887852
496	197   	0.887328	0.0016906  	0.887904
497	197   	0.88713 	0.00262947 	0.887946
498	197   	0.887391	0.00203674 	0.88805 
499	197   	0.887465	0.00179691 	0.888129
500	197   	0.887542	0.00187821 	0.888179