Execution of the code with theses parameters
On this image bro 5c.png
generations : 500
generations2 :0
population_size :200
seed : 31
polygons :5
mutation_rate :1
mating_prob : 0.05
mutate_pt :0.6
shuffle :0.05
remove_poly :0.05
add_poly :0.1
change_cr :0.1
add_pt :0.1
independance :False
mutate_pt2 :0.8
shuffle2 :0.05
remove_poly20.02
add_poly2 :0.05
change_cr2 :0.03
add_pt2 :0.05
independance2 :FalseWe got theses results 
gen	nevals	avg     	std        	max     
0  	200   	0.655797	0.00850642 	0.686437
1  	200   	0.686899	0.00353775 	0.715555
2  	200   	0.715619	0.00188072 	0.724755
3  	200   	0.725124	0.00162829 	0.737923
4  	200   	0.737959	0.00064998 	0.741979
5  	200   	0.74199 	0.00066939 	0.746499
6  	200   	0.746579	0.000972245	0.755702
7  	200   	0.755676	0.000616892	0.759982
8  	200   	0.759897	0.000739898	0.761812
9  	200   	0.761663	0.000789618	0.763848
10 	200   	0.763696	0.000763927	0.764815
11 	200   	0.764679	0.00068486 	0.765895
12 	200   	0.765784	0.000581754	0.767332
13 	200   	0.767194	0.000739689	0.770125
14 	200   	0.770007	0.000757987	0.772508
15 	200   	0.772365	0.00080866 	0.773983
16 	200   	0.773764	0.00108621 	0.776625
17 	200   	0.776435	0.00102278 	0.779559
18 	200   	0.779316	0.00100427 	0.780944
19 	200   	0.78078 	0.000687704	0.781803
20 	200   	0.781656	0.00051054 	0.782439
21 	200   	0.782337	0.000389475	0.783176
22 	200   	0.782772	0.00134992 	0.78431 
23 	200   	0.784164	0.000632486	0.785168
24 	200   	0.784955	0.00080872 	0.785613
25 	200   	0.785254	0.00143403 	0.786053
26 	200   	0.785729	0.00143117 	0.786542
27 	200   	0.786361	0.00090525 	0.787322
28 	200   	0.787155	0.000553663	0.787539
29 	200   	0.787134	0.00170215 	0.788521
30 	200   	0.788273	0.000854809	0.788805
31 	200   	0.788532	0.000999248	0.789127
32 	200   	0.788769	0.00123611 	0.78939 
33 	200   	0.789025	0.00123477 	0.790419
34 	200   	0.790214	0.0009846  	0.791767
35 	200   	0.791488	0.000966966	0.792398
36 	200   	0.792183	0.000770821	0.793062
37 	200   	0.792715	0.00115456 	0.79409 
38 	200   	0.793491	0.00188806 	0.794451
39 	200   	0.79423 	0.000712703	0.794843
40 	200   	0.794443	0.00121655 	0.795541
41 	200   	0.795231	0.00129891 	0.795736
42 	200   	0.795378	0.00126656 	0.796244
43 	200   	0.795988	0.00105129 	0.797109
44 	200   	0.796683	0.0013043  	0.797363
45 	200   	0.796989	0.0012393  	0.797806
46 	200   	0.797567	0.000908783	0.798323
47 	200   	0.798055	0.00111329 	0.8     
48 	200   	0.799801	0.000910841	0.802807
49 	200   	0.802359	0.00162916 	0.803183
50 	200   	0.802844	0.00120255 	0.804164
51 	200   	0.803778	0.00109864 	0.804438
52 	200   	0.803953	0.00183294 	0.804965
53 	200   	0.804624	0.00112324 	0.805284
54 	200   	0.804905	0.00125685 	0.805602
55 	200   	0.805444	0.000650753	0.805892
56 	200   	0.805575	0.00106719 	0.806903
57 	200   	0.806391	0.00173072 	0.808065
58 	200   	0.807827	0.000720337	0.808353
59 	200   	0.808   	0.00122561 	0.808972
60 	200   	0.808534	0.00147097 	0.80942 
61 	200   	0.80903 	0.00125622 	0.809649
62 	200   	0.809254	0.00140825 	0.811068
63 	200   	0.810916	0.000582289	0.811309
64 	200   	0.810766	0.00147394 	0.811554
65 	200   	0.811179	0.00122892 	0.81219 
66 	200   	0.811928	0.00122442 	0.812501
67 	200   	0.812243	0.000980482	0.81265 
68 	200   	0.812286	0.00126297 	0.813131
69 	200   	0.812624	0.0017082  	0.813336
70 	200   	0.812904	0.0014737  	0.813497
71 	200   	0.813233	0.000883444	0.813726
72 	200   	0.813292	0.00157612 	0.814028
73 	200   	0.813634	0.00124498 	0.814341
74 	200   	0.813889	0.00154581 	0.814515
75 	200   	0.814215	0.000887072	0.815009
76 	200   	0.814714	0.00106115 	0.815501
77 	200   	0.815272	0.000834456	0.815913
78 	200   	0.815622	0.000971923	0.816075
79 	200   	0.815671	0.00118115 	0.817223
80 	200   	0.816904	0.000998941	0.817557
81 	200   	0.817135	0.00132155 	0.818776
82 	200   	0.818437	0.00109646 	0.819433
83 	200   	0.818991	0.00149296 	0.820246
84 	200   	0.819833	0.00135128 	0.820877
85 	200   	0.820461	0.00132914 	0.821388
86 	200   	0.821109	0.00091955 	0.821561
87 	200   	0.821037	0.00148059 	0.822022
88 	200   	0.821668	0.00105369 	0.822137
89 	200   	0.821436	0.00190035 	0.823072
90 	200   	0.822671	0.00147594 	0.823217
91 	200   	0.822798	0.00135355 	0.823496
92 	200   	0.823121	0.00126979 	0.823604
93 	200   	0.823254	0.00124072 	0.824772
94 	200   	0.824394	0.00133828 	0.824917
95 	200   	0.82473 	0.000653588	0.825132
96 	200   	0.82483 	0.000969376	0.82578 
97 	200   	0.825356	0.0014263  	0.825835
98 	200   	0.825462	0.00116879 	0.82603 
99 	200   	0.825703	0.00126832 	0.828621
100	200   	0.828331	0.000854563	0.828844
101	200   	0.828581	0.000879576	0.828915
102	200   	0.828392	0.00165925 	0.829621
103	200   	0.829254	0.00131941 	0.829742
104	200   	0.829413	0.00100145 	0.829975
105	200   	0.829689	0.000967239	0.830177
106	200   	0.829957	0.000915018	0.83205 
107	200   	0.831489	0.00196255 	0.832336
108	200   	0.831805	0.00147509 	0.832588
109	200   	0.831931	0.00184879 	0.832672
110	200   	0.832194	0.00175769 	0.832801
111	200   	0.832454	0.00101555 	0.833092
112	200   	0.83253 	0.00178586 	0.833315
113	200   	0.832793	0.00173352 	0.835043
114	200   	0.834655	0.00102091 	0.835219
115	200   	0.83478 	0.00126099 	0.83532 
116	200   	0.835088	0.0007895  	0.835482
117	200   	0.835028	0.00154437 	0.835866
118	200   	0.835516	0.00137573 	0.835932
119	200   	0.835437	0.00130591 	0.836203
120	200   	0.835753	0.00144462 	0.837269
121	200   	0.836845	0.00149508 	0.837491
122	200   	0.837115	0.00107219 	0.837732
123	200   	0.837046	0.00194664 	0.838343
124	200   	0.83786 	0.00148275 	0.838524
125	200   	0.838105	0.00149658 	0.838617
126	200   	0.838167	0.00125392 	0.838789
127	200   	0.838238	0.00180538 	0.839162
128	200   	0.838853	0.000985518	0.839356
129	200   	0.838916	0.00136007 	0.840026
130	200   	0.839591	0.00157259 	0.840185
131	200   	0.839548	0.00192719 	0.840862
132	200   	0.840353	0.00186209 	0.841182
133	200   	0.840689	0.00147738 	0.841255
134	200   	0.840755	0.00169489 	0.841445
135	200   	0.840958	0.00144001 	0.841606
136	200   	0.841151	0.00150898 	0.841742
137	200   	0.841458	0.00122487 	0.841869
138	200   	0.84146 	0.00147069 	0.841964
139	200   	0.841457	0.00145784 	0.843358
140	200   	0.842879	0.00143475 	0.843536
141	200   	0.843029	0.00159524 	0.843747
142	200   	0.84328 	0.00152494 	0.843832
143	200   	0.843373	0.00152094 	0.844017
144	200   	0.84328 	0.00215728 	0.844353
145	200   	0.843673	0.00194102 	0.844417
146	200   	0.844019	0.00116342 	0.844553
147	200   	0.843998	0.00177641 	0.845061
148	200   	0.84459 	0.00183286 	0.845381
149	200   	0.844945	0.00152123 	0.84582 
150	200   	0.845336	0.00170142 	0.845975
151	200   	0.845581	0.00118808 	0.846149
152	200   	0.845868	0.00109629 	0.84623 
153	200   	0.845667	0.00178938 	0.846358
154	200   	0.845593	0.00243145 	0.846493
155	200   	0.845957	0.00179023 	0.846602
156	200   	0.846076	0.00154755 	0.84675 
157	200   	0.846343	0.00115528 	0.847088
158	200   	0.846655	0.00164375 	0.847182
159	200   	0.846815	0.00134528 	0.847345
160	200   	0.846806	0.00158111 	0.847935
161	200   	0.847497	0.00144126 	0.84803 
162	200   	0.847731	0.000967959	0.848248
163	200   	0.847618	0.00220939 	0.848298
164	200   	0.847739	0.0017225  	0.848385
165	200   	0.847932	0.00138539 	0.849429
166	200   	0.84896 	0.00146607 	0.849675
167	200   	0.849166	0.00149784 	0.850176
168	200   	0.849633	0.00159804 	0.850407
169	200   	0.849914	0.00149127 	0.850538
170	200   	0.849964	0.00173678 	0.8507  
171	200   	0.850338	0.001095   	0.850761
172	200   	0.850276	0.00172395 	0.851166
173	200   	0.850729	0.00135905 	0.851356
174	200   	0.850744	0.00177269 	0.851501
175	200   	0.850866	0.00190851 	0.85177 
176	200   	0.851341	0.00136919 	0.851929
177	200   	0.85132 	0.00172184 	0.852824
178	200   	0.852325	0.00154529 	0.852958
179	200   	0.852541	0.00124999 	0.853164
180	200   	0.852572	0.00210882 	0.853315
181	200   	0.852788	0.00177942 	0.853406
182	200   	0.852855	0.00215431 	0.853619
183	200   	0.853174	0.00137029 	0.854194
184	200   	0.853784	0.00104339 	0.854824
185	200   	0.85432 	0.00160625 	0.854897
186	200   	0.854553	0.00101301 	0.854949
187	200   	0.854473	0.00134142 	0.855197
188	200   	0.854804	0.00148502 	0.855262
189	200   	0.854657	0.0017807  	0.855441
190	200   	0.854918	0.00203476 	0.855548
191	200   	0.854815	0.00164424 	0.856116
192	200   	0.85554 	0.00165775 	0.856496
193	200   	0.856025	0.00197069 	0.857017
194	200   	0.856532	0.00183207 	0.857091
195	200   	0.856543	0.00161203 	0.857346
196	200   	0.856835	0.00153711 	0.8574  
197	200   	0.85697 	0.00145804 	0.857535
198	200   	0.856894	0.002439   	0.85772 
199	200   	0.857082	0.00251044 	0.857872
200	200   	0.857458	0.00153282 	0.857992
201	200   	0.857563	0.00181277 	0.85818 
202	200   	0.857472	0.00207743 	0.858385
203	200   	0.85779 	0.00166528 	0.858483
204	200   	0.857848	0.00183218 	0.85856 
205	200   	0.85777 	0.00243429 	0.8587  
206	200   	0.858034	0.0020073  	0.858782
207	200   	0.858114	0.0019297  	0.858848
208	200   	0.858398	0.00171956 	0.858971
209	200   	0.858351	0.00203791 	0.859111
210	200   	0.858509	0.00166605 	0.859296
211	200   	0.858694	0.00176519 	0.859486
212	200   	0.858868	0.0015353  	0.859589
213	200   	0.859206	0.00140579 	0.859818
214	200   	0.859397	0.00153051 	0.859933
215	200   	0.859549	0.00121692 	0.859982
216	200   	0.859473	0.00154021 	0.860085
217	200   	0.859583	0.00164327 	0.86013 
218	200   	0.859572	0.0019284  	0.860195
219	200   	0.859726	0.00136878 	0.860303
220	200   	0.859753	0.00201614 	0.860403
221	200   	0.859783	0.00175906 	0.860508
222	200   	0.860083	0.00156041 	0.86066 
223	200   	0.859937	0.00253465 	0.861088
224	200   	0.860534	0.00180866 	0.861333
225	200   	0.860927	0.00125049 	0.861383
226	200   	0.860899	0.00172428 	0.861436
227	200   	0.860745	0.00209214 	0.86187 
228	200   	0.861295	0.00177748 	0.861965
229	200   	0.861719	0.000806221	0.861995
230	200   	0.861585	0.0012479  	0.862234
231	200   	0.861766	0.00141889 	0.862323
232	200   	0.861767	0.00175457 	0.862419
233	200   	0.861899	0.00185351 	0.86262 
234	200   	0.862276	0.0010863  	0.862715
235	200   	0.86213 	0.00197551 	0.863245
236	200   	0.862546	0.00200796 	0.863281
237	200   	0.862733	0.00186712 	0.863351
238	200   	0.862704	0.00180647 	0.863418
239	200   	0.862774	0.00204117 	0.863658
240	200   	0.863149	0.00162709 	0.863739
241	200   	0.863346	0.00123389 	0.86382 
242	200   	0.863226	0.00151321 	0.864274
243	200   	0.863832	0.00129049 	0.864313
244	200   	0.86391 	0.00119384 	0.864392
245	200   	0.863917	0.00153362 	0.864506
246	200   	0.864173	0.00146673 	0.864574
247	200   	0.864052	0.00155469 	0.864665
248	200   	0.864133	0.00160961 	0.864719
249	200   	0.864194	0.00190147 	0.864776
250	200   	0.864265	0.00168372 	0.864843
251	200   	0.864478	0.00114683 	0.864914
252	200   	0.864161	0.00215556 	0.86502 
253	200   	0.864618	0.00131011 	0.865078
254	200   	0.864535	0.00164495 	0.865238
255	200   	0.864845	0.00116549 	0.865318
256	200   	0.864759	0.00172596 	0.86552 
257	200   	0.864985	0.00164779 	0.865734
258	200   	0.865184	0.00182032 	0.86582 
259	200   	0.865118	0.00212066 	0.865924
260	200   	0.865338	0.00194474 	0.86628 
261	200   	0.865882	0.00117549 	0.866333
262	200   	0.865749	0.00170283 	0.866537
263	200   	0.865854	0.00213289 	0.866716
264	200   	0.866151	0.00172867 	0.866776
265	200   	0.866256	0.00156637 	0.866841
266	200   	0.866364	0.00145115 	0.86693 
267	200   	0.866329	0.00173963 	0.867014
268	200   	0.866356	0.00169533 	0.867034
269	200   	0.866588	0.00185648 	0.867133
270	200   	0.86651 	0.00193195 	0.867165
271	200   	0.866645	0.0015552  	0.867182
272	200   	0.866648	0.00183822 	0.867251
273	200   	0.86664 	0.00190029 	0.867278
274	200   	0.866834	0.00136988 	0.867421
275	200   	0.866639	0.00229263 	0.867471
276	200   	0.866802	0.00179656 	0.867571
277	200   	0.866996	0.00199193 	0.867822
278	200   	0.867051	0.00226034 	0.867962
279	200   	0.867393	0.00196452 	0.868076
280	200   	0.867668	0.00139444 	0.86845 
281	200   	0.867772	0.00188464 	0.86913 
282	200   	0.868797	0.00121169 	0.869163
283	200   	0.868753	0.00127504 	0.869174
284	200   	0.868634	0.00186577 	0.869242
285	200   	0.868506	0.00192566 	0.869273
286	200   	0.868815	0.00147294 	0.869375
287	200   	0.868777	0.00168959 	0.869404
288	200   	0.868812	0.00185208 	0.8695  
289	200   	0.86886 	0.00205676 	0.869701
290	200   	0.86917 	0.00173825 	0.869725
291	200   	0.86907 	0.00205547 	0.869778
292	200   	0.869329	0.00152552 	0.86981 
293	200   	0.869243	0.00172965 	0.869947
294	200   	0.869378	0.00212876 	0.870017
295	200   	0.869454	0.0015733  	0.870054
296	200   	0.869653	0.00131035 	0.870114
297	200   	0.869441	0.00199192 	0.87049 
298	200   	0.869632	0.0024178  	0.870586
299	200   	0.869813	0.00261852 	0.870707
300	200   	0.870303	0.00135892 	0.870834
301	200   	0.870274	0.00173588 	0.870906
302	200   	0.870326	0.00200464 	0.871184
303	200   	0.870639	0.00186524 	0.871296
304	200   	0.870708	0.00158369 	0.871383
305	200   	0.870771	0.00285524 	0.871541
306	200   	0.870882	0.00185834 	0.871619
307	200   	0.871104	0.00147287 	0.871658
308	200   	0.870986	0.00204163 	0.871871
309	200   	0.871157	0.00204699 	0.871961
310	200   	0.87131 	0.00233206 	0.872013
311	200   	0.871359	0.00163506 	0.872273
312	200   	0.871859	0.00125013 	0.872364
313	200   	0.871851	0.00165825 	0.872422
314	200   	0.871742	0.00209522 	0.872493
315	200   	0.871901	0.00186417 	0.87263 
316	200   	0.87209 	0.00205745 	0.872677
317	200   	0.87204 	0.00179785 	0.872752
318	200   	0.872213	0.00177192 	0.872884
319	200   	0.872124	0.00276908 	0.872941
320	200   	0.872427	0.00136492 	0.872968
321	200   	0.872411	0.00170969 	0.873035
322	200   	0.872503	0.00186281 	0.873184
323	200   	0.872514	0.00205249 	0.873328
324	200   	0.872708	0.00190538 	0.873388
325	200   	0.872363	0.00286318 	0.873449
326	200   	0.872981	0.0016799  	0.873624
327	200   	0.873337	0.00102765 	0.873727
328	200   	0.873003	0.00211166 	0.873812
329	200   	0.873221	0.00159543 	0.873881
330	200   	0.873194	0.00206267 	0.873945
331	200   	0.873453	0.00165758 	0.874208
332	200   	0.873561	0.00209494 	0.874413
333	200   	0.873793	0.00206187 	0.874464
334	200   	0.873887	0.00160364 	0.874489
335	200   	0.873875	0.00221018 	0.874671
336	200   	0.874042	0.0019087  	0.874769
337	200   	0.874259	0.00144223 	0.874816
338	200   	0.874189	0.00192501 	0.874923
339	200   	0.874272	0.00185328 	0.87496 
340	200   	0.874456	0.00184675 	0.875017
341	200   	0.874404	0.0015562  	0.87511 
342	200   	0.874355	0.00259921 	0.875137
343	200   	0.874521	0.00190828 	0.875179
344	200   	0.874764	0.00135408 	0.875278
345	200   	0.874747	0.00170153 	0.875297
346	200   	0.874899	0.00141738 	0.875355
347	200   	0.874602	0.00204428 	0.875406
348	200   	0.874838	0.00210656 	0.875446
349	200   	0.874993	0.00148017 	0.875508
350	200   	0.874969	0.00138356 	0.875565
351	200   	0.875019	0.00201913 	0.875597
352	200   	0.87511 	0.0017045  	0.875651
353	200   	0.874862	0.00227741 	0.875708
354	200   	0.8752  	0.00156486 	0.875736
355	200   	0.875182	0.0017328  	0.875766
356	200   	0.874956	0.00254682 	0.875979
357	200   	0.875302	0.00206842 	0.87599 
358	200   	0.875265	0.00208104 	0.876055
359	200   	0.87521 	0.00234872 	0.876183
360	200   	0.875501	0.00222532 	0.87659 
361	200   	0.875956	0.00166846 	0.876636
362	200   	0.876013	0.00230309 	0.876726
363	200   	0.876045	0.00201335 	0.876763
364	200   	0.876242	0.00204951 	0.876837
365	200   	0.876015	0.00219135 	0.876967
366	200   	0.876261	0.00180363 	0.877043
367	200   	0.876498	0.00187778 	0.877075
368	200   	0.876429	0.00208795 	0.877129
369	200   	0.876362	0.00275438 	0.877168
370	200   	0.876522	0.00201134 	0.877195
371	200   	0.876225	0.00266423 	0.877247
372	200   	0.876597	0.00209196 	0.877354
373	200   	0.876676	0.00236062 	0.877419
374	200   	0.87678 	0.00182337 	0.877454
375	200   	0.876694	0.00222876 	0.877491
376	200   	0.877043	0.00160923 	0.877527
377	200   	0.876782	0.00207338 	0.877565
378	200   	0.877289	0.000862741	0.877725
379	200   	0.876876	0.00223721 	0.877817
380	200   	0.877176	0.00194738 	0.877877
381	200   	0.877198	0.00214678 	0.877946
382	200   	0.877442	0.00144527 	0.87807 
383	200   	0.877569	0.00183297 	0.878104
384	200   	0.877539	0.00173274 	0.878189
385	200   	0.877473	0.00223205 	0.878275
386	200   	0.877345	0.0026512  	0.87831 
387	200   	0.877753	0.00182139 	0.878357
388	200   	0.877692	0.00187296 	0.878376
389	200   	0.877716	0.00210911 	0.878492
390	200   	0.877842	0.0022918  	0.87858 
391	200   	0.878034	0.00164984 	0.878629
392	200   	0.877958	0.00204375 	0.878895
393	200   	0.877965	0.0027384  	0.878934
394	200   	0.878277	0.00223319 	0.878944
395	200   	0.87828 	0.00190801 	0.878996
396	200   	0.878208	0.00199959 	0.879092
397	200   	0.878411	0.00189497 	0.879157
398	200   	0.87857 	0.0019772  	0.87919 
399	200   	0.878454	0.00227261 	0.879232
400	200   	0.878623	0.0017552  	0.879314
401	200   	0.878729	0.00169292 	0.879342
402	200   	0.878617	0.00211709 	0.87936 
403	200   	0.878745	0.00197975 	0.879409
404	200   	0.878632	0.00238227 	0.879513
405	200   	0.878516	0.00285932 	0.879547
406	200   	0.878742	0.00245869 	0.879668
407	200   	0.878722	0.00281001 	0.879688
408	200   	0.879116	0.00194044 	0.879797
409	200   	0.879194	0.00191604 	0.879825
410	200   	0.87906 	0.0021895  	0.879883
411	200   	0.87922 	0.00222142 	0.879902
412	200   	0.879246	0.00206389 	0.879927
413	200   	0.879224	0.00233426 	0.880012
414	200   	0.879353	0.00188415 	0.880059
415	200   	0.879099	0.00259812 	0.880094
416	200   	0.879257	0.00260511 	0.880139
417	200   	0.879619	0.00168825 	0.8802  
418	200   	0.879487	0.00214591 	0.880284
419	200   	0.879577	0.00185389 	0.880332
420	200   	0.87967 	0.00194965 	0.880367
421	200   	0.879772	0.00238252 	0.880406
422	200   	0.879724	0.0024018  	0.880516
423	200   	0.879685	0.00236694 	0.880529
424	200   	0.880049	0.00167151 	0.880565
425	200   	0.87991 	0.00201146 	0.881198
426	200   	0.880553	0.00155281 	0.881229
427	200   	0.880585	0.00210654 	0.881254
428	200   	0.880645	0.00181857 	0.881291
429	200   	0.880563	0.00201911 	0.881432
430	200   	0.880661	0.00214184 	0.881577
431	200   	0.880721	0.00250361 	0.881612
432	200   	0.880802	0.00228004 	0.881633
433	200   	0.880812	0.00270066 	0.881696
434	200   	0.881214	0.00143606 	0.881717
435	200   	0.880667	0.00268349 	0.881753
436	200   	0.881145	0.00183    	0.881783
437	200   	0.881238	0.00171765 	0.881818
438	200   	0.881209	0.00184168 	0.881846
439	200   	0.881335	0.00158549 	0.881904
440	200   	0.881198	0.0021929  	0.881938
441	200   	0.881117	0.0026168  	0.881982
442	200   	0.88123 	0.00261615 	0.882   
443	200   	0.881442	0.00177013 	0.882042
444	200   	0.881513	0.00173783 	0.882058
445	200   	0.881371	0.00160734 	0.882117
446	200   	0.881152	0.00260107 	0.882149
447	200   	0.881588	0.0022019  	0.882354
448	200   	0.881703	0.00211059 	0.882429
449	200   	0.881695	0.0020158  	0.882476
450	200   	0.881584	0.00249514 	0.882509
451	200   	0.881866	0.00195359 	0.882528
452	200   	0.881717	0.00228633 	0.882613
453	200   	0.881805	0.00243051 	0.882639
454	200   	0.882184	0.001454   	0.882676
455	200   	0.8821  	0.00196238 	0.882771
456	200   	0.882023	0.00207511 	0.882874
457	200   	0.882292	0.00184073 	0.882919
458	200   	0.882318	0.00196955 	0.88331 
459	200   	0.882783	0.00194238 	0.883542
460	200   	0.882918	0.00191571 	0.883626
461	200   	0.88295 	0.00188948 	0.883746
462	200   	0.882897	0.00237242 	0.884043
463	200   	0.883276	0.00207164 	0.884122
464	200   	0.8833  	0.00194872 	0.88415 
465	200   	0.883485	0.00205618 	0.884164
466	200   	0.883324	0.00226153 	0.884235
467	200   	0.883552	0.0023326  	0.884374
468	200   	0.883879	0.0014097  	0.884421
469	200   	0.883487	0.00289858 	0.88449 
470	200   	0.883455	0.00292895 	0.884522
471	200   	0.883986	0.00171317 	0.884534
472	200   	0.883805	0.00229675 	0.884589
473	200   	0.88392 	0.00223929 	0.884714
474	200   	0.884176	0.00186428 	0.884762
475	200   	0.883875	0.00250393 	0.884873
476	200   	0.884203	0.00196234 	0.884912
477	200   	0.884252	0.00182394 	0.885068
478	200   	0.884566	0.0014689  	0.885095
479	200   	0.884477	0.00192727 	0.885117
480	200   	0.88453 	0.00172832 	0.885139
481	200   	0.884479	0.00225926 	0.885249
482	200   	0.884537	0.00234262 	0.885279
483	200   	0.884526	0.00210694 	0.885321
484	200   	0.884464	0.00264576 	0.885455
485	200   	0.884772	0.00193496 	0.885623
486	200   	0.884616	0.00284285 	0.885699
487	200   	0.88498 	0.00230532 	0.885734
488	200   	0.885096	0.00230573 	0.885812
489	200   	0.884947	0.0026183  	0.885845
490	200   	0.885385	0.00147461 	0.885889
491	200   	0.885415	0.00204934 	0.885944
492	200   	0.885222	0.00211219 	0.885971
493	200   	0.885331	0.00212086 	0.886022
494	200   	0.885258	0.00235257 	0.886094
495	200   	0.885305	0.00253447 	0.886144
496	200   	0.885387	0.00215817 	0.886209
497	200   	0.885601	0.00181165 	0.886238
498	200   	0.885428	0.00235587 	0.886305
499	200   	0.885605	0.00187297 	0.886321
500	200   	0.885653	0.0022875  	0.886351