Execution of the code with theses parameters
On this image bro 5a.png
generations : 500
generations2 :0
population_size :200
seed : 21
polygons :5
mutation_rate :1
mating_prob : 0.05
mutate_pt :0.8
shuffle :0.05
remove_poly :0.02
add_poly :0.05
change_cr :0.03
add_pt :0.05
independance :False
mutate_pt2 :0.8
shuffle2 :0.05
remove_poly20.02
add_poly2 :0.05
change_cr2 :0.03
add_pt2 :0.05
independance2 :FalseWe got theses results 
gen	nevals	avg     	std        	max     
0  	200   	0.668533	0.00971905 	0.706042
1  	197   	0.690211	0.00839669 	0.713638
2  	197   	0.707485	0.00412947 	0.733482
3  	197   	0.716236	0.00681025 	0.739296
4  	197   	0.732915	0.00469179 	0.745637
5  	197   	0.740874	0.00290708 	0.74586 
6  	197   	0.746084	0.00251388 	0.771386
7  	197   	0.7529  	0.00761878 	0.777624
8  	197   	0.771202	0.00444153 	0.779276
9  	197   	0.777408	0.00152447 	0.779829
10 	197   	0.779265	0.000666915	0.781369
11 	197   	0.780083	0.000655565	0.782309
12 	197   	0.781378	0.0005948  	0.784227
13 	197   	0.782371	0.000987466	0.78505 
14 	197   	0.784133	0.000980653	0.786974
15 	197   	0.785205	0.000574571	0.787564
16 	197   	0.786701	0.000886282	0.789965
17 	197   	0.787743	0.00110938 	0.791871
18 	197   	0.789946	0.00116268 	0.792908
19 	197   	0.791993	0.000689672	0.793288
20 	197   	0.792959	0.000297222	0.79378 
21 	197   	0.793329	0.000533341	0.794989
22 	197   	0.794027	0.0009406  	0.795708
23 	197   	0.794967	0.000811433	0.79924 
24 	197   	0.795778	0.00099256 	0.800117
25 	197   	0.798238	0.00174309 	0.800299
26 	197   	0.800014	0.000712363	0.801471
27 	197   	0.800438	0.00124365 	0.803099
28 	197   	0.801498	0.0011565  	0.803395
29 	197   	0.802977	0.000480463	0.803654
30 	197   	0.803268	0.000959876	0.804655
31 	197   	0.803922	0.000489532	0.806041
32 	197   	0.804688	0.000888265	0.806226
33 	197   	0.805666	0.000788301	0.80661 
34 	197   	0.806284	0.000319711	0.807499
35 	197   	0.80668 	0.000945663	0.808701
36 	197   	0.807578	0.000867875	0.809463
37 	197   	0.808636	0.000966611	0.810565
38 	197   	0.809526	0.000964316	0.810722
39 	197   	0.810222	0.00100768 	0.811367
40 	197   	0.810692	0.000891372	0.812387
41 	197   	0.811314	0.00131117 	0.812415
42 	197   	0.812116	0.00101839 	0.813851
43 	197   	0.812685	0.00100624 	0.815058
44 	197   	0.81381 	0.00107349 	0.815687
45 	197   	0.814862	0.00118455 	0.816319
46 	197   	0.815514	0.00127959 	0.817043
47 	197   	0.816273	0.00100066 	0.817129
48 	197   	0.816827	0.00115653 	0.818116
49 	197   	0.817202	0.00100918 	0.818772
50 	197   	0.81799 	0.000625701	0.819839
51 	197   	0.818569	0.00158233 	0.822077
52 	197   	0.820037	0.00104668 	0.822566
53 	197   	0.821851	0.00099605 	0.823602
54 	197   	0.822542	0.000951383	0.824702
55 	197   	0.823672	0.00081966 	0.824855
56 	197   	0.824481	0.00112416 	0.828579
57 	197   	0.825644	0.00140446 	0.828588
58 	197   	0.828376	0.000824182	0.82901 
59 	197   	0.82853 	0.000893589	0.830254
60 	197   	0.828992	0.00120101 	0.830345
61 	197   	0.830079	0.000931345	0.831512
62 	197   	0.83041 	0.00149185 	0.832709
63 	197   	0.831564	0.000740295	0.83313 
64 	197   	0.832612	0.000419453	0.833257
65 	197   	0.83288 	0.00118175 	0.83602 
66 	197   	0.833732	0.00107029 	0.83653 
67 	197   	0.835832	0.000931475	0.83809 
68 	197   	0.836671	0.000733536	0.838316
69 	197   	0.837877	0.000745976	0.839043
70 	197   	0.838271	0.00118679 	0.839709
71 	197   	0.838856	0.00108901 	0.841983
72 	197   	0.839761	0.00117128 	0.84218 
73 	197   	0.841552	0.00124736 	0.84302 
74 	197   	0.842073	0.00113906 	0.843302
75 	197   	0.842747	0.00120861 	0.844169
76 	197   	0.843263	0.000650531	0.845695
77 	197   	0.844067	0.00122555 	0.845695
78 	197   	0.845498	0.00046572 	0.846285
79 	197   	0.84574 	0.000600599	0.846929
80 	197   	0.846255	0.00120466 	0.847879
81 	197   	0.846904	0.000904234	0.847897
82 	197   	0.84764 	0.000967963	0.848001
83 	197   	0.847775	0.000895866	0.849224
84 	197   	0.848092	0.000608189	0.849424
85 	197   	0.848923	0.000669924	0.849676
86 	197   	0.849198	0.00118853 	0.850069
87 	197   	0.849578	0.000680455	0.850374
88 	197   	0.849963	0.0010306  	0.851058
89 	197   	0.850354	0.000604728	0.852529
90 	197   	0.851176	0.00135018 	0.852816
91 	197   	0.852367	0.00101251 	0.853193
92 	197   	0.85271 	0.0010167  	0.85374 
93 	197   	0.853004	0.00120908 	0.853818
94 	197   	0.853543	0.000988344	0.85447 
95 	197   	0.853995	0.00035064 	0.855363
96 	197   	0.854525	0.000635786	0.855681
97 	197   	0.855202	0.000697568	0.855693
98 	197   	0.855331	0.00146269 	0.856055
99 	197   	0.855532	0.00107753 	0.856323
100	197   	0.855868	0.000830828	0.856467
101	197   	0.856107	0.00100375 	0.856684
102	197   	0.856257	0.00112258 	0.857397
103	197   	0.856529	0.000968435	0.857536
104	197   	0.857122	0.000848247	0.860326
105	197   	0.85781 	0.00115977 	0.860356
106	197   	0.859809	0.00122207 	0.861077
107	197   	0.860369	0.000832088	0.861635
108	197   	0.86091 	0.00111572 	0.862214
109	197   	0.861504	0.000953002	0.862319
110	197   	0.861934	0.000933975	0.862574
111	197   	0.862047	0.00155837 	0.862696
112	197   	0.862397	0.00093703 	0.862983
113	197   	0.862449	0.00118442 	0.863412
114	197   	0.862842	0.00111206 	0.863768
115	197   	0.863415	0.000371464	0.864904
116	197   	0.863669	0.00138262 	0.865135
117	197   	0.86467 	0.000721451	0.865418
118	197   	0.864997	0.000995197	0.865918
119	197   	0.865384	0.000763851	0.866355
120	197   	0.865665	0.00138328 	0.866371
121	197   	0.866014	0.00148285 	0.866793
122	197   	0.866322	0.000981367	0.867434
123	197   	0.866678	0.000929556	0.86791 
124	197   	0.867293	0.000778379	0.870001
125	197   	0.867943	0.00136913 	0.87024 
126	197   	0.869684	0.00140528 	0.871063
127	197   	0.870198	0.000797317	0.87134 
128	197   	0.870872	0.000781126	0.871369
129	197   	0.871135	0.000833435	0.872304
130	197   	0.871345	0.0015715  	0.872481
131	197   	0.871906	0.0014741  	0.872858
132	197   	0.872391	0.000865065	0.873236
133	197   	0.87272 	0.00096208 	0.873326
134	197   	0.873051	0.000517079	0.873981
135	197   	0.87315 	0.00100652 	0.873991
136	197   	0.873504	0.00173257 	0.874309
137	197   	0.87363 	0.00180593 	0.874432
138	197   	0.873993	0.00116352 	0.874716
139	197   	0.874227	0.00102906 	0.874784
140	197   	0.874542	0.00117713 	0.874939
141	197   	0.874664	0.000808944	0.875164
142	197   	0.87482 	0.000885694	0.875176
143	197   	0.874787	0.00225674 	0.87561 
144	197   	0.875069	0.00106738 	0.875673
145	197   	0.875403	0.000811123	0.876463
146	197   	0.87564 	0.000735543	0.876487
147	197   	0.876066	0.00155939 	0.876725
148	197   	0.876256	0.0013179  	0.8771  
149	197   	0.876592	0.000744141	0.877824
150	197   	0.876804	0.00161869 	0.877868
151	197   	0.877473	0.000964966	0.878228
152	197   	0.877783	0.00119829 	0.878384
153	197   	0.878047	0.00091682 	0.87886 
154	197   	0.878273	0.000944905	0.879094
155	197   	0.878603	0.00153909 	0.879234
156	197   	0.878894	0.000835053	0.879261
157	197   	0.878996	0.00127436 	0.8797  
158	197   	0.879137	0.00151832 	0.879803
159	197   	0.879494	0.000784982	0.880128
160	197   	0.879524	0.00169947 	0.880215
161	197   	0.879869	0.00104337 	0.881022
162	197   	0.879901	0.00186813 	0.881569
163	197   	0.880799	0.000912735	0.881961
164	197   	0.881258	0.00127433 	0.882148
165	197   	0.881545	0.00202337 	0.886242
166	197   	0.883149	0.00258198 	0.886556
167	197   	0.88604 	0.000872535	0.886594
168	197   	0.88627 	0.00172553 	0.886883
169	197   	0.886478	0.000916622	0.887136
170	197   	0.886659	0.00187493 	0.887447
171	197   	0.886976	0.000924238	0.887742
172	197   	0.887239	0.000993959	0.887953
173	197   	0.887535	0.000799031	0.889178
174	197   	0.888003	0.000668776	0.889178
175	197   	0.888893	0.000844175	0.889383
176	197   	0.888907	0.00148857 	0.889942
177	197   	0.88909 	0.00161517 	0.889978
178	197   	0.889767	0.000528661	0.89019 
179	197   	0.889808	0.000850297	0.890233
180	197   	0.889941	0.000886545	0.890295
181	197   	0.889875	0.00155532 	0.890695
182	197   	0.890106	0.00160777 	0.890755
183	197   	0.890531	0.000710046	0.891063
184	197   	0.890667	0.000662854	0.891135
185	197   	0.890721	0.00134812 	0.891234
186	197   	0.890824	0.00124874 	0.891385
187	197   	0.890993	0.00117497 	0.891818
188	197   	0.89117 	0.00135621 	0.891818
189	197   	0.891411	0.0013722  	0.892035
190	197   	0.891562	0.00165856 	0.892211
191	197   	0.891897	0.000706244	0.89239 
192	197   	0.891919	0.00122989 	0.892567
193	197   	0.892075	0.00167394 	0.892942
194	197   	0.892423	0.00095486 	0.893447
195	197   	0.892833	0.000905317	0.893462
196	197   	0.893126	0.0013038  	0.8939  
197	197   	0.893392	0.000833943	0.894443
198	197   	0.893688	0.000795802	0.894459
199	197   	0.894002	0.00142079 	0.894593
200	197   	0.894034	0.00184989 	0.894814
201	197   	0.894398	0.000869144	0.895046
202	197   	0.89462 	0.000932989	0.895343
203	197   	0.894744	0.00139337 	0.895434
204	197   	0.895186	0.000915266	0.896035
205	197   	0.895235	0.00152867 	0.896102
206	197   	0.89584 	0.000551925	0.896385
207	197   	0.895806	0.00140949 	0.896448
208	197   	0.895918	0.00217837 	0.896812
209	197   	0.89626 	0.00132732 	0.896856
210	197   	0.89648 	0.00133864 	0.897163
211	197   	0.896784	0.00074209 	0.89738 
212	197   	0.896893	0.0012236  	0.897425
213	197   	0.897142	0.00119386 	0.897765
214	197   	0.897035	0.00177761 	0.897942
215	197   	0.897582	0.000786196	0.897942
216	197   	0.897699	0.000964359	0.898264
217	197   	0.897651	0.00140412 	0.898576
218	197   	0.898087	0.000838594	0.898673
219	197   	0.898266	0.00146147 	0.898926
220	197   	0.898412	0.00113652 	0.899134
221	197   	0.898793	0.000721329	0.899474
222	197   	0.89903 	0.000693401	0.899626
223	197   	0.899101	0.00161609 	0.899905
224	197   	0.89932 	0.00146904 	0.900109
225	197   	0.899505	0.00183141 	0.900197
226	197   	0.899803	0.00128993 	0.900289
227	197   	0.899862	0.00172027 	0.900785
228	197   	0.900228	0.000626551	0.900889
229	197   	0.900586	0.000901631	0.901425
230	197   	0.9008  	0.000968465	0.901527
231	197   	0.901111	0.00128187 	0.902542
232	197   	0.901291	0.00147392 	0.902542
233	197   	0.90216 	0.00146719 	0.902624
234	197   	0.902297	0.00129203 	0.902791
235	197   	0.902417	0.00143057 	0.903063
236	197   	0.902533	0.00141262 	0.903304
237	197   	0.90282 	0.00119195 	0.903432
238	197   	0.903079	0.00123069 	0.903518
239	197   	0.90313 	0.00132935 	0.903675
240	197   	0.903347	0.00108208 	0.903767
241	197   	0.903455	0.00107985 	0.904179
242	197   	0.903728	0.000563264	0.904329
243	197   	0.903789	0.00161437 	0.904699
244	197   	0.903993	0.00177553 	0.904772
245	197   	0.904468	0.000936895	0.905052
246	197   	0.904672	0.000816043	0.905052
247	197   	0.904722	0.00137365 	0.905278
248	197   	0.904976	0.000641939	0.905537
249	197   	0.904929	0.00166919 	0.905626
250	197   	0.905243	0.00163659 	0.905989
251	197   	0.905501	0.000661234	0.90601 
252	197   	0.905837	0.000741476	0.906227
253	197   	0.905743	0.00158583 	0.906281
254	197   	0.905967	0.00139523 	0.906597
255	197   	0.90606 	0.00126922 	0.906621
256	197   	0.906236	0.00172598 	0.906731
257	197   	0.906402	0.00136507 	0.90687 
258	197   	0.906423	0.0014322  	0.906893
259	197   	0.90662 	0.00115347 	0.907052
260	197   	0.90676 	0.00068657 	0.907251
261	197   	0.906878	0.00072482 	0.907475
262	197   	0.906794	0.00184399 	0.907479
263	197   	0.907171	0.00143837 	0.9077  
264	197   	0.907271	0.00126971 	0.907725
265	197   	0.907205	0.00204452 	0.907914
266	197   	0.907187	0.00220007 	0.908053
267	197   	0.907593	0.00138227 	0.908133
268	197   	0.907878	0.000763472	0.908233
269	197   	0.907884	0.00116399 	0.908895
270	197   	0.908155	0.000710909	0.909018
271	197   	0.908547	0.00157247 	0.909039
272	197   	0.908662	0.00128802 	0.909279
273	197   	0.908843	0.00125568 	0.909314
274	197   	0.909017	0.00149558 	0.909442
275	197   	0.909051	0.00155578 	0.909543
276	197   	0.909099	0.00200512 	0.909837
277	197   	0.90946 	0.000433185	0.909973
278	197   	0.9096  	0.000813174	0.910022
279	197   	0.909548	0.00161685 	0.910366
280	197   	0.90986 	0.00138085 	0.910806
281	197   	0.910078	0.00133533 	0.910812
282	197   	0.91049 	0.00105541 	0.91088 
283	197   	0.910501	0.00136025 	0.911084
284	197   	0.910713	0.000930053	0.911126
285	197   	0.910592	0.00207561 	0.911218
286	197   	0.910901	0.000916389	0.911311
287	197   	0.910838	0.00198041 	0.911385
288	197   	0.91116 	0.000615401	0.911657
289	197   	0.911309	0.000521463	0.911962
290	197   	0.911291	0.00163841 	0.91204 
291	197   	0.911773	0.000531647	0.912148
292	197   	0.911636	0.00158766 	0.912282
293	197   	0.91188 	0.00125615 	0.912341
294	197   	0.912105	0.00078376 	0.912362
295	197   	0.91213 	0.00102061 	0.912503
296	197   	0.911978	0.00155186 	0.912624
297	197   	0.912186	0.00145988 	0.912664
298	197   	0.912354	0.00129367 	0.912955
299	197   	0.912519	0.00109608 	0.913188
300	197   	0.912537	0.00163644 	0.913188
301	197   	0.912917	0.00135214 	0.913362
302	197   	0.912892	0.0015781  	0.913504
303	197   	0.913096	0.00120982 	0.913662
304	197   	0.913272	0.0010274  	0.913711
305	197   	0.913492	0.000998813	0.913841
306	197   	0.913492	0.000901295	0.913889
307	197   	0.91348 	0.0017147  	0.913986
308	197   	0.913705	0.00107534 	0.914011
309	197   	0.913725	0.000952294	0.914125
310	197   	0.913778	0.00108059 	0.91421 
311	197   	0.913818	0.00156593 	0.914806
312	197   	0.914015	0.00160607 	0.91492 
313	197   	0.91456 	0.00101035 	0.91492 
314	197   	0.914704	0.000678919	0.915198
315	197   	0.914768	0.00113283 	0.91531 
316	197   	0.914949	0.00101189 	0.915456
317	197   	0.915123	0.0010444  	0.915535
318	197   	0.915159	0.00132242 	0.915661
319	197   	0.915298	0.00113439 	0.915688
320	197   	0.915455	0.000987207	0.916024
321	197   	0.915424	0.00220408 	0.916236
322	197   	0.915702	0.00133064 	0.916256
323	197   	0.915812	0.00158198 	0.916325
324	197   	0.915968	0.00116184 	0.916374
325	197   	0.915947	0.00163362 	0.916428
326	197   	0.916114	0.00118092 	0.916655
327	197   	0.916206	0.00158173 	0.916745
328	197   	0.91639 	0.000960994	0.916813
329	197   	0.916511	0.000997436	0.91699 
330	197   	0.916522	0.00112344 	0.916996
331	197   	0.916861	0.000379058	0.917161
332	197   	0.916754	0.00134377 	0.917211
333	197   	0.916821	0.00162601 	0.917269
334	197   	0.916867	0.00124614 	0.917302
335	197   	0.916981	0.00140734 	0.917334
336	197   	0.916887	0.00171751 	0.917457
337	197   	0.917193	0.00108936 	0.91749 
338	197   	0.917135	0.00163914 	0.917645
339	197   	0.917276	0.00139642 	0.917753
340	197   	0.917442	0.00103842 	0.91785 
341	197   	0.917371	0.00179541 	0.917885
342	197   	0.917258	0.00211949 	0.918   
343	197   	0.917138	0.00267034 	0.918007
344	197   	0.917662	0.00161337 	0.918323
345	197   	0.917868	0.00080562 	0.918327
346	197   	0.91812 	0.000900632	0.918678
347	197   	0.918202	0.000816768	0.918774
348	197   	0.918455	0.000939214	0.918779
349	197   	0.918246	0.0017448  	0.918838
350	197   	0.918548	0.00105983 	0.918993
351	197   	0.918714	0.000467671	0.919036
352	197   	0.9184  	0.00233237 	0.919081
353	197   	0.918744	0.00143445 	0.919215
354	197   	0.918783	0.0017133  	0.919314
355	197   	0.918896	0.00135174 	0.919329
356	197   	0.919134	0.000749053	0.919432
357	197   	0.919103	0.00149136 	0.919483
358	197   	0.919162	0.0012165  	0.919558
359	197   	0.919317	0.000773626	0.91968 
360	197   	0.919131	0.00224871 	0.91968 
361	197   	0.919392	0.00113347 	0.919808
362	197   	0.919351	0.00181757 	0.919861
363	197   	0.91943 	0.00144831 	0.919958
364	197   	0.919361	0.00221125 	0.92004 
365	197   	0.919707	0.00126967 	0.92026 
366	197   	0.919711	0.00180468 	0.920263
367	197   	0.919971	0.00146914 	0.92048 
368	197   	0.920147	0.000880212	0.9207  
369	197   	0.92009 	0.00149478 	0.920713
370	197   	0.920286	0.00181424 	0.92093 
371	197   	0.920513	0.00121985 	0.921342
372	197   	0.920746	0.000976159	0.921342
373	197   	0.920822	0.00214362 	0.92141 
374	197   	0.921051	0.00184909 	0.921524
375	197   	0.921059	0.0013824  	0.921584
376	197   	0.921181	0.00209339 	0.921672
377	197   	0.921302	0.00145037 	0.92186 
378	197   	0.921474	0.00102446 	0.921922
379	197   	0.921472	0.00164945 	0.922212
380	197   	0.921573	0.00170092 	0.922332
381	197   	0.921896	0.00108529 	0.922395
382	197   	0.922098	0.00121298 	0.922437
383	197   	0.922114	0.00134014 	0.922513
384	197   	0.922163	0.00108396 	0.922618
385	197   	0.922339	0.00105838 	0.922644
386	197   	0.92224 	0.00201977 	0.922734
387	197   	0.922355	0.00130566 	0.922806
388	197   	0.922518	0.000894717	0.923002
389	197   	0.922551	0.00156654 	0.923074
390	197   	0.922784	0.000989489	0.923156
391	197   	0.922581	0.00193483 	0.923241
392	197   	0.922784	0.00149269 	0.923376
393	197   	0.923029	0.00115545 	0.923505
394	197   	0.923267	0.000486214	0.923582
395	197   	0.923055	0.0015589  	0.923601
396	197   	0.923286	0.00121807 	0.92366 
397	197   	0.92309 	0.0021197  	0.923695
398	197   	0.923459	0.000873399	0.923772
399	197   	0.923495	0.000772284	0.923816
400	197   	0.923518	0.00118446 	0.923949
401	197   	0.923509	0.0012916  	0.923999
402	197   	0.923542	0.00185799 	0.924121
403	197   	0.923661	0.00158274 	0.924132
404	197   	0.923845	0.00138495 	0.924367
405	197   	0.923814	0.00142062 	0.924479
406	197   	0.924168	0.000908935	0.924502
407	197   	0.924127	0.00145684 	0.924502
408	197   	0.924233	0.00121504 	0.924596
409	197   	0.924043	0.00244698 	0.924601
410	197   	0.924308	0.000861366	0.924726
411	197   	0.924429	0.00106645 	0.924796
412	197   	0.924328	0.00187055 	0.924822
413	197   	0.924367	0.00188548 	0.924883
414	197   	0.924527	0.00109484 	0.92493 
415	197   	0.924564	0.00181452 	0.925058
416	197   	0.924715	0.00101563 	0.925151
417	197   	0.924864	0.000822182	0.925283
418	197   	0.924826	0.00131538 	0.925397
419	197   	0.924925	0.0019471  	0.925443
420	197   	0.92521 	0.00089874 	0.925534
421	197   	0.92493 	0.00185471 	0.925657
422	197   	0.925145	0.00174024 	0.925675
423	197   	0.925499	0.00063369 	0.925906
424	197   	0.925337	0.00213613 	0.925951
425	197   	0.925428	0.00199122 	0.925958
426	197   	0.925561	0.00159562 	0.926029
427	197   	0.925794	0.000759948	0.926058
428	197   	0.925761	0.00139833 	0.926176
429	197   	0.925788	0.00135818 	0.926241
430	197   	0.92576 	0.00181413 	0.926263
431	197   	0.925912	0.00142871 	0.92636 
432	197   	0.926104	0.000909264	0.926412
433	197   	0.926113	0.00140038 	0.926416
434	197   	0.92622 	0.00115489 	0.926591
435	197   	0.926273	0.000807849	0.926744
436	197   	0.926222	0.00188899 	0.926787
437	197   	0.926155	0.00247336 	0.92681 
438	197   	0.926545	0.00150816 	0.926867
439	197   	0.926402	0.00178639 	0.92688 
440	197   	0.926514	0.00147789 	0.927036
441	197   	0.92675 	0.000767365	0.927049
442	197   	0.926838	0.00100795 	0.927142
443	197   	0.926851	0.000902043	0.927221
444	197   	0.9269  	0.00110329 	0.92724 
445	197   	0.926979	0.00088829 	0.927293
446	197   	0.926891	0.00166865 	0.927319
447	197   	0.927116	0.000901759	0.927451
448	197   	0.927052	0.00139944 	0.927513
449	197   	0.92714 	0.00159044 	0.92755 
450	197   	0.927308	0.000772279	0.927631
451	197   	0.927089	0.00175152 	0.927677
452	197   	0.92704 	0.00216423 	0.92773 
453	197   	0.927372	0.00158736 	0.927902
454	197   	0.927506	0.000878209	0.928215
455	197   	0.927621	0.00106635 	0.92829 
456	197   	0.927967	0.000841538	0.928378
457	197   	0.927869	0.00187919 	0.928748
458	197   	0.928121	0.00119658 	0.928807
459	197   	0.92828 	0.00129638 	0.929209
460	197   	0.92851 	0.00150877 	0.929224
461	197   	0.9289  	0.00142704 	0.92929 
462	197   	0.928962	0.0012098  	0.929418
463	197   	0.928908	0.00160612 	0.92951 
464	197   	0.929049	0.00184896 	0.92954 
465	197   	0.929199	0.00112518 	0.929593
466	197   	0.929056	0.00215295 	0.929628
467	197   	0.92936 	0.00125921 	0.929698
468	197   	0.929215	0.00166171 	0.92987 
469	197   	0.929474	0.00129543 	0.929924
470	197   	0.929637	0.000894979	0.930058
471	197   	0.929575	0.00210033 	0.930058
472	197   	0.929747	0.00111707 	0.930088
473	197   	0.929655	0.00178594 	0.93015 
474	197   	0.929858	0.00130333 	0.930301
475	197   	0.929752	0.00155537 	0.930398
476	197   	0.930023	0.00130539 	0.930432
477	197   	0.929956	0.00194591 	0.930515
478	197   	0.930087	0.00160539 	0.930572
479	197   	0.930299	0.000821914	0.930639
480	197   	0.930217	0.00145741 	0.930897
481	197   	0.930323	0.00133666 	0.930897
482	197   	0.930528	0.00153405 	0.930964
483	197   	0.930612	0.00155686 	0.931025
484	197   	0.930529	0.00169538 	0.931061
485	197   	0.930602	0.00172394 	0.931072
486	197   	0.930818	0.000859051	0.93115 
487	197   	0.93092 	0.000678549	0.931207
488	197   	0.930867	0.00124888 	0.931226
489	197   	0.930941	0.000928923	0.93129 
490	197   	0.930781	0.00189431 	0.931345
491	197   	0.930834	0.00200837 	0.931364
492	197   	0.931011	0.00127921 	0.93157 
493	197   	0.930958	0.00160177 	0.93157 
494	197   	0.931241	0.00134949 	0.931618
495	197   	0.931358	0.000717774	0.931704
496	197   	0.931228	0.00156984 	0.93178 
497	197   	0.931312	0.00137587 	0.93178 
498	197   	0.931402	0.00218578 	0.931845
499	197   	0.931326	0.00222777 	0.931893
500	197   	0.931481	0.00187089 	0.931984