Execution of the code with theses parameters
On this image bro 5a.png
generations : 500
generations2 :0
population_size :200
seed : 21
polygons :5
mutation_rate :0.6
mating_prob : 0.4
mutate_pt :0.8
shuffle :0.02
remove_poly :0.03
add_poly :0.05
change_cr :0.05
add_pt :0.05
independance :False
mutate_pt2 :0.8
shuffle2 :0.05
remove_poly20.02
add_poly2 :0.05
change_cr2 :0.03
add_pt2 :0.05
independance2 :FalseWe got theses results 
gen	nevals	avg     	std        	max     
0  	200   	0.668533	0.00971905 	0.706042
1  	147   	0.706241	0.00133827 	0.720197
2  	148   	0.720396	0.00283124 	0.758164
3  	138   	0.758248	0.000735582	0.766129
4  	145   	0.766172	0.000858547	0.774422
5  	156   	0.774464	0.000562444	0.779214
6  	146   	0.77915 	0.000387748	0.779915
7  	154   	0.779939	0.00051293 	0.785653
8  	158   	0.785604	0.000703838	0.788221
9  	166   	0.78817 	0.000400397	0.789359
10 	162   	0.789281	0.000917501	0.791105
11 	153   	0.790973	0.00119644 	0.792192
12 	157   	0.792108	0.000649465	0.79288 
13 	156   	0.792836	0.000434547	0.793801
14 	152   	0.793686	0.000795817	0.795348
15 	148   	0.795237	0.00064415 	0.796066
16 	156   	0.796036	0.000362674	0.797246
17 	152   	0.797194	0.000411672	0.797685
18 	146   	0.797539	0.000954112	0.799445
19 	151   	0.799313	0.000824405	0.800907
20 	153   	0.800846	0.000609344	0.801641
21 	166   	0.801503	0.00082589 	0.801963
22 	164   	0.801762	0.00121034 	0.802629
23 	149   	0.802542	0.000701161	0.804172
24 	149   	0.804062	0.000706829	0.805197
25 	151   	0.805083	0.000954661	0.805373
26 	150   	0.80522 	0.000792962	0.806078
27 	153   	0.805968	0.000844061	0.807504
28 	153   	0.807217	0.00147457 	0.809083
29 	161   	0.808936	0.000848928	0.809443
30 	143   	0.809224	0.00120299 	0.809715
31 	146   	0.809653	0.000359105	0.810081
32 	146   	0.809885	0.00106309 	0.811358
33 	145   	0.811247	0.000765099	0.811618
34 	155   	0.811513	0.000856909	0.8132  
35 	145   	0.813112	0.000635138	0.814522
36 	150   	0.81447 	0.000360588	0.815132
37 	160   	0.81501 	0.000596374	0.815367
38 	152   	0.815206	0.00100072 	0.815691
39 	157   	0.815558	0.000905059	0.816048
40 	144   	0.815932	0.00066504 	0.816472
41 	165   	0.816264	0.00105961 	0.816928
42 	161   	0.816841	0.000621118	0.817297
43 	157   	0.817191	0.000672492	0.818237
44 	146   	0.817975	0.00139771 	0.818564
45 	153   	0.818447	0.000816816	0.818684
46 	153   	0.818581	0.000591603	0.819005
47 	159   	0.818852	0.000978499	0.819728
48 	160   	0.819572	0.000895097	0.820709
49 	139   	0.820556	0.000868759	0.821316
50 	142   	0.821275	0.000222395	0.821819
51 	155   	0.821604	0.00115026 	0.822365
52 	140   	0.822159	0.00144915 	0.82376 
53 	158   	0.82361 	0.000917434	0.825436
54 	150   	0.825322	0.000661395	0.825771
55 	157   	0.825357	0.00224234 	0.82606 
56 	158   	0.825826	0.00115186 	0.827126
57 	155   	0.826992	0.000857651	0.827594
58 	161   	0.827547	0.000263187	0.827791
59 	147   	0.827472	0.00153165 	0.82938 
60 	144   	0.829211	0.00115784 	0.829889
61 	163   	0.829555	0.00179641 	0.830467
62 	154   	0.830319	0.0010432  	0.83088 
63 	145   	0.830684	0.00139625 	0.831229
64 	155   	0.831122	0.000681348	0.831436
65 	156   	0.831343	0.000626487	0.831735
66 	145   	0.831657	0.000763877	0.831848
67 	143   	0.831622	0.00130368 	0.832025
68 	164   	0.831919	0.000774856	0.834736
69 	151   	0.834184	0.00245472 	0.835401
70 	143   	0.83537 	0.000216524	0.835817
71 	152   	0.835497	0.0013814  	0.836042
72 	151   	0.835856	0.00115808 	0.836789
73 	147   	0.836629	0.00110615 	0.836995
74 	147   	0.836838	0.00107503 	0.837641
75 	148   	0.837564	0.000459641	0.838649
76 	147   	0.838565	0.000577264	0.839393
77 	152   	0.839149	0.00162807 	0.839613
78 	157   	0.83958 	0.000157774	0.839692
79 	155   	0.839516	0.00123269 	0.841408
80 	143   	0.841322	0.000668326	0.841777
81 	156   	0.841585	0.00110646 	0.842185
82 	163   	0.84208 	0.000852832	0.843155
83 	151   	0.842961	0.0012472  	0.843706
84 	151   	0.84365 	0.000274982	0.84389 
85 	156   	0.843744	0.000866569	0.844512
86 	158   	0.844309	0.0011484  	0.845875
87 	146   	0.845714	0.000803636	0.846362
88 	142   	0.846258	0.000682967	0.848337
89 	141   	0.848232	0.00091579 	0.849823
90 	163   	0.84955 	0.00144055 	0.850428
91 	162   	0.850266	0.00126527 	0.851525
92 	157   	0.851258	0.00166872 	0.851605
93 	148   	0.851425	0.000897245	0.852345
94 	157   	0.852105	0.00124523 	0.852592
95 	146   	0.852253	0.00171478 	0.852691
96 	155   	0.852596	0.000643   	0.854148
97 	144   	0.85391 	0.00106096 	0.854405
98 	156   	0.854117	0.00192349 	0.854784
99 	148   	0.854569	0.00120503 	0.855188
100	152   	0.855006	0.00117964 	0.855764
101	158   	0.855644	0.000548264	0.85625 
102	148   	0.855941	0.00156101 	0.856533
103	157   	0.856357	0.00110579 	0.856714
104	146   	0.856549	0.00121045 	0.856986
105	146   	0.856837	0.000820373	0.85704 
106	155   	0.856936	0.000638306	0.857671
107	156   	0.857625	0.000299105	0.857963
108	150   	0.857847	0.000759199	0.858395
109	152   	0.858359	0.000260056	0.859234
110	155   	0.858939	0.00195318 	0.859523
111	170   	0.859108	0.00194865 	0.859824
112	150   	0.859644	0.000830212	0.86049 
113	144   	0.860222	0.00169992 	0.861226
114	151   	0.861138	0.000683281	0.861306
115	142   	0.861119	0.00113397 	0.86176 
116	159   	0.861674	0.000533985	0.862513
117	150   	0.862424	0.000426703	0.863358
118	145   	0.862883	0.00228557 	0.863953
119	163   	0.863867	0.000465453	0.864954
120	157   	0.864857	0.000908829	0.8654  
121	157   	0.865201	0.00122795 	0.865468
122	151   	0.865209	0.00147938 	0.866018
123	156   	0.865804	0.00147551 	0.866534
124	152   	0.866432	0.000649538	0.866858
125	149   	0.866733	0.000926692	0.866932
126	159   	0.866832	0.000504772	0.867298
127	150   	0.867179	0.000716958	0.867615
128	149   	0.867556	0.000310381	0.867811
129	149   	0.86767 	0.000755823	0.868076
130	167   	0.867952	0.000573243	0.868288
131	154   	0.868045	0.00123821 	0.868423
132	160   	0.868402	0.000150719	0.868668
133	153   	0.868549	0.000780706	0.868834
134	146   	0.868729	0.000742316	0.868952
135	144   	0.868676	0.00140485 	0.869219
136	154   	0.869082	0.000641361	0.869403
137	157   	0.869208	0.00130814 	0.86948 
138	154   	0.869443	0.000281678	0.870331
139	154   	0.869992	0.00174175 	0.870419
140	140   	0.870299	0.000823954	0.871517
141	146   	0.871252	0.00174686 	0.871715
142	139   	0.871606	0.000672314	0.872534
143	154   	0.872429	0.000773123	0.872797
144	154   	0.872634	0.000899174	0.873184
145	145   	0.872885	0.00173563 	0.873321
146	145   	0.873045	0.00137275 	0.87407 
147	155   	0.873873	0.00138625 	0.874219
148	152   	0.874073	0.000921622	0.874531
149	147   	0.874457	0.000335893	0.875047
150	157   	0.874881	0.000855032	0.87534 
151	151   	0.875188	0.000713987	0.875743
152	146   	0.875568	0.00115036 	0.876154
153	161   	0.876   	0.000926244	0.876225
154	160   	0.876069	0.000741685	0.876421
155	149   	0.876222	0.00101008 	0.876542
156	151   	0.876285	0.00144764 	0.87785 
157	154   	0.877708	0.000826383	0.878271
158	160   	0.878207	0.000318283	0.87877 
159	144   	0.878485	0.00166148 	0.879045
160	145   	0.87882 	0.00135157 	0.879348
161	164   	0.879121	0.00114422 	0.879561
162	153   	0.879389	0.00122476 	0.879778
163	174   	0.879666	0.000762267	0.879981
164	155   	0.879872	0.0010386  	0.880332
165	153   	0.880088	0.00119511 	0.880405
166	156   	0.880218	0.000968184	0.881195
167	157   	0.880851	0.00174257 	0.881612
168	151   	0.881339	0.00171465 	0.881814
169	150   	0.881694	0.000816449	0.881988
170	148   	0.881854	0.000952669	0.88224 
171	166   	0.882093	0.000717527	0.882491
172	154   	0.882267	0.0019779  	0.882548
173	140   	0.882397	0.000810572	0.883188
174	153   	0.883043	0.000685715	0.883386
175	151   	0.883176	0.00145797 	0.883476
176	147   	0.883346	0.000891465	0.883976
177	155   	0.883774	0.00102876 	0.884124
178	164   	0.883909	0.00108926 	0.884271
179	137   	0.884131	0.000691067	0.884395
180	149   	0.884129	0.00143998 	0.885084
181	162   	0.884891	0.000885674	0.885521
182	157   	0.885357	0.00121095 	0.885731
183	154   	0.885511	0.00122033 	0.885809
184	142   	0.885611	0.00132342 	0.885952
185	168   	0.885669	0.00155747 	0.886171
186	147   	0.885996	0.00121933 	0.886194
187	151   	0.885923	0.00183891 	0.887098
188	155   	0.886761	0.00200325 	0.887891
189	154   	0.887669	0.0013201  	0.88806 
190	150   	0.887757	0.00163019 	0.888239
191	155   	0.887691	0.00271786 	0.889141
192	154   	0.889116	0.000167006	0.889766
193	150   	0.889642	0.000778875	0.889872
194	161   	0.889739	0.000830293	0.889957
195	154   	0.889564	0.00198243 	0.890654
196	147   	0.890566	0.000674558	0.890815
197	157   	0.890768	0.000341964	0.890913
198	152   	0.890547	0.00170949 	0.891276
199	162   	0.891123	0.00102141 	0.89141 
200	160   	0.891207	0.00126388 	0.891634
201	167   	0.891441	0.0014296  	0.892346
202	161   	0.892208	0.00100925 	0.892468
203	158   	0.892277	0.00120882 	0.892979
204	161   	0.892861	0.000659501	0.893178
205	152   	0.893   	0.00133094 	0.893305
206	146   	0.893208	0.00059202 	0.893562
207	148   	0.893388	0.00118721 	0.893696
208	155   	0.893467	0.00118625 	0.894465
209	155   	0.894409	0.000426577	0.894616
210	159   	0.894425	0.000936234	0.894717
211	151   	0.894355	0.00174636 	0.894857
212	160   	0.89459 	0.00164671 	0.895235
213	155   	0.895025	0.00168428 	0.895602
214	157   	0.895337	0.001205   	0.896398
215	153   	0.896213	0.00107176 	0.896758
216	150   	0.896393	0.0019099  	0.897063
217	153   	0.896975	0.000615339	0.89718 
218	159   	0.89711 	0.000470775	0.897304
219	155   	0.897233	0.00062922 	0.897353
220	142   	0.897044	0.00137231 	0.897559
221	154   	0.89733 	0.00148322 	0.899518
222	142   	0.899214	0.00136347 	0.899937
223	138   	0.899702	0.00103503 	0.900068
224	152   	0.899947	0.000717634	0.900282
225	167   	0.9002  	0.000598658	0.901209
226	154   	0.90103 	0.00135327 	0.901272
227	144   	0.901073	0.00120226 	0.901469
228	155   	0.901137	0.00177586 	0.901702
229	160   	0.901505	0.00122065 	0.901778
230	155   	0.901447	0.00180533 	0.90206 
231	162   	0.90191 	0.000848623	0.902615
232	151   	0.902404	0.00135357 	0.902863
233	157   	0.902754	0.000653907	0.902929
234	150   	0.902749	0.00105196 	0.903082
235	138   	0.902954	0.000674701	0.903201
236	146   	0.902891	0.00182948 	0.9033  
237	145   	0.903031	0.00154308 	0.90338 
238	151   	0.903006	0.00166157 	0.903514
239	146   	0.903423	0.000549934	0.90372 
240	150   	0.903303	0.00225301 	0.903842
241	137   	0.903615	0.00118598 	0.904209
242	157   	0.904123	0.00048663 	0.904652
243	158   	0.904258	0.00174477 	0.904873
244	170   	0.904783	0.000465631	0.905001
245	146   	0.90485 	0.000974234	0.905177
246	155   	0.904903	0.00162808 	0.905347
247	150   	0.905229	0.000712341	0.905449
248	140   	0.905364	0.000737053	0.905488
249	147   	0.905228	0.00129153 	0.905552
250	146   	0.90536 	0.0010609  	0.905672
251	147   	0.905451	0.00118505 	0.90599 
252	151   	0.905752	0.00122089 	0.906102
253	153   	0.905979	0.000927694	0.906171
254	141   	0.906046	0.00106856 	0.906249
255	139   	0.906072	0.000852144	0.906519
256	149   	0.906307	0.00141513 	0.907356
257	153   	0.907117	0.00152957 	0.907413
258	143   	0.907225	0.00107714 	0.907546
259	150   	0.907493	0.000348292	0.907673
260	137   	0.907527	0.000896987	0.908084
261	155   	0.90792 	0.000984902	0.908172
262	154   	0.907858	0.00172576 	0.908293
263	155   	0.907983	0.00200341 	0.908427
264	147   	0.908173	0.00137263 	0.908987
265	154   	0.908752	0.00146341 	0.90907 
266	147   	0.908932	0.00102609 	0.909749
267	159   	0.909568	0.00115087 	0.91056 
268	145   	0.910435	0.000978769	0.911004
269	154   	0.910666	0.00162444 	0.911147
270	135   	0.910988	0.00114632 	0.911326
271	148   	0.9112  	0.000672705	0.911376
272	154   	0.911166	0.00137881 	0.91139 
273	151   	0.911196	0.00103885 	0.911422
274	149   	0.911252	0.00107214 	0.911704
275	144   	0.911423	0.00205955 	0.911938
276	145   	0.911789	0.000865437	0.912024
277	154   	0.911799	0.00116363 	0.912094
278	156   	0.911697	0.00207325 	0.912243
279	165   	0.911959	0.00175988 	0.912474
280	149   	0.912234	0.00146576 	0.912741
281	147   	0.912499	0.00117909 	0.912797
282	156   	0.912627	0.00111651 	0.912899
283	143   	0.912736	0.00108697 	0.912959
284	149   	0.912701	0.00166261 	0.913076
285	159   	0.912957	0.000881951	0.913221
286	151   	0.913051	0.00108746 	0.913298
287	152   	0.91311 	0.000958576	0.913505
288	143   	0.913342	0.000876892	0.914256
289	144   	0.914032	0.00120495 	0.914295
290	159   	0.914145	0.000899764	0.914341
291	145   	0.914179	0.00113308 	0.914441
292	151   	0.914338	0.00058857 	0.91452 
293	149   	0.914403	0.000713788	0.914795
294	145   	0.914431	0.00201972 	0.914875
295	146   	0.914738	0.000786066	0.914997
296	155   	0.914877	0.000658562	0.915194
297	147   	0.915035	0.00100939 	0.915287
298	146   	0.914911	0.00213796 	0.915485
299	156   	0.915316	0.00096211 	0.915628
300	157   	0.915371	0.00121376 	0.915662
301	162   	0.915303	0.0017816  	0.915773
302	158   	0.915706	0.000339186	0.915876
303	142   	0.915563	0.00185479 	0.916059
304	148   	0.915924	0.000780753	0.916412
305	157   	0.916135	0.00172992 	0.916881
306	142   	0.916549	0.00174958 	0.917021
307	154   	0.916817	0.00118939 	0.917097
308	150   	0.916781	0.00183032 	0.917253
309	155   	0.917088	0.000658583	0.917491
310	158   	0.917369	0.000826924	0.917564
311	146   	0.917404	0.000862895	0.917724
312	151   	0.917306	0.00228256 	0.917802
313	152   	0.917699	0.000821065	0.9179  
314	142   	0.917684	0.00112167 	0.917986
315	153   	0.917815	0.00108712 	0.918177
316	147   	0.917804	0.00242417 	0.9186  
317	138   	0.918302	0.00180021 	0.918662
318	152   	0.918412	0.00128207 	0.91876 
319	156   	0.918452	0.00163499 	0.918888
320	151   	0.918616	0.00155971 	0.919079
321	140   	0.91888 	0.00103681 	0.91913 
322	145   	0.91856 	0.00254867 	0.919234
323	146   	0.91908 	0.00109273 	0.919562
324	153   	0.919434	0.00100099 	0.919619
325	140   	0.919457	0.000911068	0.920133
326	146   	0.919939	0.00122474 	0.920531
327	154   	0.920149	0.00240505 	0.920585
328	148   	0.920408	0.00121861 	0.920642
329	159   	0.920582	0.000429778	0.920725
330	145   	0.920695	0.00028256 	0.920884
331	154   	0.920691	0.0012523  	0.920981
332	150   	0.920768	0.00135154 	0.921059
333	145   	0.920927	0.000755543	0.921744
334	157   	0.921526	0.00112373 	0.921861
335	157   	0.921632	0.00154352 	0.921895
336	155   	0.921571	0.00162506 	0.922012
337	158   	0.921811	0.00101809 	0.922097
338	147   	0.922034	0.000342934	0.922143
339	147   	0.922028	0.000644977	0.922289
340	155   	0.921701	0.00265459 	0.922383
341	156   	0.922013	0.0019532  	0.92252 
342	153   	0.922073	0.00207012 	0.922547
343	147   	0.922437	0.000611954	0.922722
344	151   	0.922548	0.00123121 	0.922781
345	155   	0.922682	0.000634367	0.923374
346	141   	0.923278	0.000557387	0.923478
347	155   	0.923274	0.00132985 	0.923496
348	154   	0.923221	0.00170869 	0.92404 
349	140   	0.92391 	0.000718949	0.924088
350	162   	0.923714	0.00192803 	0.924138
351	138   	0.923988	0.000813622	0.924157
352	143   	0.924022	0.000644848	0.924217
353	149   	0.924145	0.000501733	0.924259
354	146   	0.924015	0.00162171 	0.924349
355	162   	0.924179	0.00124743 	0.924413
356	159   	0.924351	0.000305413	0.924554
357	151   	0.924492	0.000248276	0.924653
358	153   	0.924357	0.00191045 	0.924772
359	145   	0.924563	0.00142995 	0.924846
360	158   	0.924478	0.00162051 	0.924877
361	156   	0.924738	0.00110037 	0.925144
362	159   	0.92488 	0.0015693  	0.92524 
363	133   	0.925071	0.00113635 	0.925327
364	154   	0.925154	0.000950749	0.925494
365	150   	0.92535 	0.000780851	0.925592
366	156   	0.925491	0.000673065	0.925651
367	166   	0.925585	0.000277771	0.925728
368	152   	0.92547 	0.0018207  	0.925777
369	157   	0.925566	0.00111288 	0.925961
370	145   	0.925805	0.00108614 	0.926041
371	160   	0.925853	0.00127928 	0.926192
372	156   	0.926094	0.000537047	0.92624 
373	158   	0.925852	0.00226573 	0.926304
374	150   	0.926182	0.00111169 	0.926388
375	161   	0.926235	0.000982916	0.926477
376	151   	0.926116	0.0016472  	0.926757
377	157   	0.92662 	0.000962677	0.926831
378	155   	0.926641	0.00137408 	0.927083
379	156   	0.92689 	0.00152488 	0.927096
380	139   	0.926883	0.00100894 	0.927412
381	156   	0.927236	0.000982531	0.927571
382	146   	0.927045	0.00263752 	0.927614
383	158   	0.927469	0.000748575	0.927716
384	166   	0.927508	0.00120746 	0.927803
385	151   	0.927544	0.00137725 	0.927855
386	158   	0.927488	0.00194059 	0.927973
387	145   	0.927741	0.00130935 	0.928022
388	148   	0.927809	0.00121126 	0.928229
389	145   	0.928105	0.000591138	0.928262
390	163   	0.928056	0.000863736	0.928304
391	164   	0.92781 	0.0027226  	0.92833 
392	161   	0.928097	0.00112814 	0.928423
393	153   	0.928191	0.00115169 	0.928474
394	154   	0.928251	0.00160242 	0.928521
395	142   	0.928184	0.00182938 	0.928578
396	156   	0.928469	0.000571733	0.928828
397	162   	0.928674	0.00112959 	0.928928
398	142   	0.928741	0.00105971 	0.929045
399	151   	0.928837	0.00127737 	0.929092
400	147   	0.928553	0.00259408 	0.929152
401	162   	0.928894	0.00129306 	0.929179
402	148   	0.92884 	0.00183222 	0.929254
403	145   	0.928926	0.00206878 	0.929303
404	153   	0.928988	0.00213571 	0.929354
405	156   	0.928991	0.00183927 	0.929426
406	152   	0.929118	0.00192486 	0.929499
407	147   	0.928858	0.00265944 	0.929668
408	147   	0.929427	0.00156251 	0.929705
409	154   	0.929454	0.00123807 	0.929761
410	150   	0.929473	0.00154357 	0.930139
411	140   	0.93007 	0.00043634 	0.930231
412	160   	0.929822	0.00236925 	0.93025 
413	155   	0.930025	0.00133628 	0.930437
414	151   	0.930358	0.000572581	0.930595
415	130   	0.930384	0.00167373 	0.930671
416	153   	0.930517	0.00124427 	0.930726
417	147   	0.930579	0.000951367	0.930818
418	150   	0.93056 	0.0014151  	0.930895
419	153   	0.930838	0.000361052	0.931092
420	149   	0.930855	0.00184353 	0.931127
421	153   	0.930927	0.00127649 	0.931243
422	159   	0.930775	0.00226983 	0.931665
423	152   	0.931471	0.00140821 	0.931852
424	145   	0.931644	0.0011366  	0.93188 
425	151   	0.931536	0.00223738 	0.931962
426	153   	0.931804	0.000782508	0.93199 
427	164   	0.931802	0.00116869 	0.932085
428	164   	0.931934	0.00122791 	0.932142
429	153   	0.931902	0.0014965  	0.93221 
430	146   	0.931949	0.00171575 	0.932241
431	159   	0.931908	0.00183563 	0.932532
432	162   	0.932155	0.00290734 	0.932569
433	143   	0.932424	0.000838429	0.932633
434	166   	0.932352	0.00159335 	0.932708
435	142   	0.93244 	0.00169997 	0.932853
436	155   	0.932606	0.00139525 	0.933149
437	159   	0.932692	0.00218042 	0.933175
438	148   	0.932973	0.00181055 	0.933232
439	160   	0.932817	0.00193769 	0.933265
440	147   	0.933119	0.00108106 	0.933296
441	142   	0.933127	0.00176048 	0.933331
442	144   	0.933166	0.00123662 	0.933407
443	153   	0.933123	0.00134045 	0.933414
444	159   	0.933107	0.00187992 	0.933463
445	151   	0.933073	0.00230296 	0.933585
446	150   	0.933335	0.00140737 	0.934096
447	133   	0.933796	0.00185542 	0.934109
448	156   	0.933839	0.001649   	0.934186
449	149   	0.93389 	0.00195578 	0.934208
450	153   	0.93401 	0.00129496 	0.934364
451	155   	0.934   	0.00184545 	0.934775
452	150   	0.93462 	0.00100747 	0.934847
453	146   	0.934672	0.00139978 	0.934906
454	143   	0.934741	0.000898114	0.935051
455	145   	0.934959	0.000494756	0.935104
456	160   	0.934898	0.0011414  	0.935146
457	151   	0.934886	0.0013323  	0.93523 
458	146   	0.934904	0.00179293 	0.935261
459	150   	0.934874	0.00176551 	0.93529 
460	159   	0.935007	0.0013973  	0.93534 
461	142   	0.935076	0.00176034 	0.935767
462	159   	0.935493	0.00152741 	0.935804
463	155   	0.935378	0.00220932 	0.935845
464	152   	0.935625	0.00138891 	0.935888
465	141   	0.935632	0.00125251 	0.935907
466	160   	0.935746	0.000735328	0.936006
467	154   	0.935601	0.00225696 	0.936086
468	154   	0.935877	0.00111175 	0.93617 
469	150   	0.935984	0.00115863 	0.936223
470	157   	0.935949	0.0018628  	0.93625 
471	151   	0.936123	0.000685931	0.936434
472	157   	0.936241	0.00100203 	0.936463
473	153   	0.936224	0.00128546 	0.936559
474	151   	0.936227	0.00184553 	0.93659 
475	149   	0.936225	0.00165975 	0.936634
476	154   	0.93619 	0.00254493 	0.936647
477	157   	0.93648 	0.00102731 	0.936691
478	151   	0.936515	0.00107643 	0.936717
479	146   	0.936518	0.00119604 	0.936761
480	152   	0.9366  	0.00101527 	0.936813
481	152   	0.936348	0.00208069 	0.936853
482	151   	0.936733	0.000707856	0.936908
483	139   	0.936593	0.00166002 	0.936929
484	144   	0.936685	0.00139158 	0.936948
485	163   	0.936639	0.00161801 	0.936964
486	148   	0.936665	0.00203955 	0.93714 
487	135   	0.936886	0.00142213 	0.937249
488	150   	0.937198	0.000299938	0.937363
489	153   	0.937189	0.000825383	0.937398
490	155   	0.937111	0.00125891 	0.937433
491	168   	0.937201	0.00143501 	0.9375  
492	144   	0.93706 	0.00226685 	0.937513
493	156   	0.93716 	0.0016444  	0.937588
494	154   	0.937339	0.00147019 	0.937706
495	160   	0.937538	0.00151972 	0.937748
496	148   	0.937486	0.00145544 	0.937772
497	150   	0.937503	0.00144022 	0.937819
498	151   	0.937736	0.000578064	0.93794 
499	159   	0.93771 	0.00124643 	0.938014
500	148   	0.937838	0.00133539 	0.938059