Execution of the code with theses parameters
On this image bro 5b.png
generations : 300
generations2 :200
population_size :200
seed : 31
polygons :5
mutation_rate :1
mating_prob : 0.1
mutate_pt :0.6
shuffle :0.05
remove_poly :0.05
add_poly :0.1
change_cr :0.1
add_pt :0.1
independance :False
mutate_pt2 :0.8
shuffle2 :0.05
remove_poly20.02
add_poly2 :0.05
change_cr2 :0.03
add_pt2 :0.05
independance2 :FalseWe got theses results 
gen	nevals	avg     	std        	max     
0  	200   	0.601485	0.0101803  	0.638509
1  	197   	0.638994	0.00386449 	0.663308
2  	197   	0.663649	0.0018704  	0.675858
3  	197   	0.676117	0.00167019 	0.686964
4  	197   	0.687453	0.00210917 	0.703557
5  	197   	0.703647	0.00130708 	0.71481 
6  	197   	0.714944	0.00131342 	0.72778 
7  	197   	0.727511	0.00162663 	0.735628
8  	197   	0.735229	0.00155866 	0.740348
9  	197   	0.740252	0.000898934	0.743389
10 	197   	0.74311 	0.00130763 	0.744652
11 	197   	0.744383	0.00133662 	0.746362
12 	197   	0.746078	0.00119245 	0.748521
13 	197   	0.74814 	0.0015727  	0.750011
14 	197   	0.749623	0.00133014 	0.751011
15 	197   	0.750574	0.00149618 	0.75301 
16 	197   	0.75275 	0.00125632 	0.754935
17 	197   	0.75456 	0.0016718  	0.757467
18 	197   	0.75721 	0.00122829 	0.758546
19 	197   	0.758033	0.00204747 	0.760973
20 	197   	0.760508	0.00185939 	0.763557
21 	197   	0.763045	0.00175136 	0.767047
22 	197   	0.766776	0.00106602 	0.767705
23 	197   	0.766945	0.00242712 	0.768873
24 	197   	0.768444	0.00148256 	0.769872
25 	197   	0.769459	0.0016736  	0.771398
26 	197   	0.770704	0.00225386 	0.772942
27 	197   	0.772467	0.00173138 	0.774765
28 	197   	0.774568	0.000805197	0.776887
29 	197   	0.775886	0.00287807 	0.777756
30 	197   	0.77734 	0.00138459 	0.778331
31 	197   	0.77777 	0.00153252 	0.779613
32 	197   	0.778931	0.002166   	0.780079
33 	197   	0.779236	0.00311225 	0.781014
34 	197   	0.780601	0.00145968 	0.782295
35 	197   	0.781641	0.00216141 	0.783212
36 	197   	0.782551	0.0025109  	0.78477 
37 	197   	0.784159	0.00196497 	0.785534
38 	197   	0.78493 	0.0018886  	0.786831
39 	197   	0.786164	0.00202667 	0.787813
40 	197   	0.787335	0.00152172 	0.788711
41 	197   	0.787809	0.00318841 	0.790158
42 	197   	0.789656	0.00178374 	0.791361
43 	197   	0.790723	0.00213474 	0.792419
44 	197   	0.79195 	0.00170398 	0.792837
45 	197   	0.792454	0.00153825 	0.793624
46 	197   	0.792572	0.00347929 	0.795615
47 	197   	0.794927	0.00310192 	0.795958
48 	197   	0.7956  	0.00141034 	0.796994
49 	197   	0.796192	0.00271584 	0.797888
50 	197   	0.797016	0.00311326 	0.799141
51 	197   	0.798664	0.00216122 	0.801377
52 	197   	0.800861	0.00209609 	0.802057
53 	197   	0.80125 	0.00247674 	0.8024  
54 	197   	0.801555	0.00285283 	0.803297
55 	197   	0.802726	0.00224499 	0.804969
56 	197   	0.804109	0.00308593 	0.806385
57 	197   	0.805469	0.00280795 	0.807327
58 	197   	0.806346	0.00329226 	0.808023
59 	197   	0.807433	0.00219092 	0.809262
60 	197   	0.808699	0.00174523 	0.809596
61 	197   	0.808985	0.00255758 	0.810069
62 	197   	0.809589	0.00155104 	0.810625
63 	197   	0.80969 	0.00313903 	0.811468
64 	197   	0.810584	0.00274345 	0.812349
65 	197   	0.811572	0.00243149 	0.812918
66 	197   	0.812302	0.00216493 	0.815132
67 	197   	0.814325	0.00280941 	0.815343
68 	197   	0.814681	0.00249891 	0.819033
69 	197   	0.818246	0.00237291 	0.820381
70 	197   	0.819622	0.00228078 	0.821305
71 	197   	0.820676	0.00242531 	0.82161 
72 	197   	0.82044 	0.00354317 	0.821931
73 	197   	0.821247	0.00241335 	0.822232
74 	197   	0.821328	0.00308429 	0.82325 
75 	197   	0.822533	0.0028954  	0.825247
76 	197   	0.824462	0.00253955 	0.825706
77 	197   	0.824907	0.00265443 	0.826355
78 	197   	0.825408	0.00312433 	0.82767 
79 	197   	0.826673	0.00301673 	0.827993
80 	197   	0.827063	0.00282571 	0.828887
81 	197   	0.827921	0.0030447  	0.829251
82 	197   	0.828413	0.00287663 	0.830148
83 	197   	0.829571	0.00211284 	0.830727
84 	197   	0.829777	0.00317735 	0.831002
85 	197   	0.830462	0.00251436 	0.832734
86 	197   	0.831922	0.00278939 	0.833029
87 	197   	0.832237	0.00264431 	0.833404
88 	197   	0.832675	0.00221609 	0.833616
89 	197   	0.832814	0.00217711 	0.833832
90 	197   	0.832661	0.00385166 	0.834051
91 	197   	0.833312	0.00249599 	0.835019
92 	197   	0.834153	0.00280152 	0.835703
93 	197   	0.834966	0.00238788 	0.836765
94 	197   	0.835966	0.00316306 	0.838931
95 	197   	0.838461	0.00164016 	0.841028
96 	197   	0.839644	0.00407724 	0.841552
97 	197   	0.840508	0.00354929 	0.841855
98 	197   	0.841139	0.00261973 	0.843365
99 	197   	0.842947	0.00135377 	0.844567
100	197   	0.843755	0.00220175 	0.844809
101	197   	0.844084	0.00245248 	0.846389
102	197   	0.845464	0.00341537 	0.846504
103	197   	0.845628	0.00247476 	0.847696
104	197   	0.847248	0.00166115 	0.848793
105	197   	0.847919	0.00301426 	0.849932
106	197   	0.849098	0.00282995 	0.850364
107	197   	0.849542	0.00255868 	0.851932
108	197   	0.850716	0.00386454 	0.852694
109	197   	0.851614	0.00289207 	0.853098
110	197   	0.852503	0.00226107 	0.853499
111	197   	0.852489	0.00404652 	0.853896
112	197   	0.852641	0.00357212 	0.854807
113	197   	0.853645	0.00349154 	0.855057
114	197   	0.853826	0.00401273 	0.85542 
115	197   	0.854403	0.0029895  	0.855501
116	197   	0.854645	0.00273166 	0.855887
117	197   	0.854617	0.00356598 	0.856373
118	197   	0.855468	0.00374528 	0.856739
119	197   	0.855413	0.00438657 	0.858772
120	197   	0.85776 	0.00353245 	0.859334
121	197   	0.858177	0.0041193  	0.859608
122	197   	0.858691	0.00244256 	0.85978 
123	197   	0.859   	0.0024439  	0.859897
124	197   	0.859005	0.00272039 	0.86026 
125	197   	0.859256	0.00337945 	0.860668
126	197   	0.859646	0.00326744 	0.861803
127	197   	0.860723	0.00344456 	0.862596
128	197   	0.86156 	0.00287086 	0.862731
129	197   	0.861788	0.00298074 	0.862933
130	197   	0.861888	0.00335086 	0.863123
131	197   	0.862061	0.00344062 	0.86367 
132	197   	0.862628	0.0037486  	0.863782
133	197   	0.862406	0.0043255  	0.864482
134	197   	0.86355 	0.00320927 	0.865061
135	197   	0.864357	0.00208561 	0.865418
136	197   	0.864174	0.00381581 	0.865573
137	197   	0.864737	0.00280238 	0.865748
138	197   	0.864533	0.00370749 	0.866578
139	197   	0.865598	0.00324715 	0.866758
140	197   	0.865709	0.00287243 	0.866909
141	197   	0.865502	0.00457475 	0.867503
142	197   	0.866438	0.00349317 	0.86807 
143	197   	0.866975	0.00344013 	0.868431
144	197   	0.867904	0.00180613 	0.868618
145	197   	0.86791 	0.00314654 	0.870458
146	197   	0.869953	0.00190665 	0.870744
147	197   	0.870114	0.00229084 	0.871138
148	197   	0.870094	0.0029512  	0.871365
149	197   	0.870356	0.00331476 	0.87177 
150	197   	0.870885	0.00287359 	0.872085
151	197   	0.871039	0.00367882 	0.872557
152	197   	0.871483	0.00387303 	0.87285 
153	197   	0.872072	0.00306459 	0.872974
154	197   	0.872128	0.00263991 	0.873328
155	197   	0.872243	0.00344359 	0.873622
156	197   	0.872246	0.00433332 	0.874136
157	197   	0.87297 	0.00382475 	0.874191
158	197   	0.872913	0.00428334 	0.874471
159	197   	0.873522	0.00279472 	0.874588
160	197   	0.873757	0.00290074 	0.875731
161	197   	0.874947	0.0028495  	0.875906
162	197   	0.874402	0.00451677 	0.876477
163	197   	0.875268	0.00416458 	0.876624
164	197   	0.876069	0.00211735 	0.878505
165	197   	0.878001	0.00160991 	0.878941
166	197   	0.877877	0.00349661 	0.879258
167	197   	0.878073	0.00399117 	0.879653
168	197   	0.878192	0.00360376 	0.8797  
169	197   	0.878844	0.00243334 	0.879926
170	197   	0.878826	0.00391565 	0.880037
171	197   	0.879325	0.00207572 	0.880193
172	197   	0.879549	0.00233415 	0.880376
173	197   	0.878903	0.00435834 	0.880441
174	197   	0.879237	0.00382928 	0.880603
175	197   	0.879161	0.00434861 	0.880906
176	197   	0.879801	0.00320098 	0.881077
177	197   	0.880446	0.00193181 	0.881611
178	197   	0.880629	0.00356286 	0.881741
179	197   	0.880973	0.00318204 	0.882155
180	197   	0.881361	0.00270041 	0.882494
181	197   	0.881495	0.00343716 	0.882899
182	197   	0.882107	0.00273882 	0.883443
183	197   	0.882415	0.00332569 	0.884378
184	197   	0.883478	0.00252497 	0.884755
185	197   	0.883376	0.00390676 	0.884826
186	197   	0.883925	0.0030387  	0.884934
187	197   	0.883634	0.00396424 	0.885115
188	197   	0.884052	0.00344899 	0.885147
189	197   	0.883813	0.0040832  	0.885306
190	197   	0.883424	0.00560647 	0.885515
191	197   	0.884738	0.00233797 	0.885597
192	197   	0.884027	0.00429273 	0.886162
193	197   	0.885388	0.0027788  	0.886311
194	197   	0.885192	0.00366948 	0.886904
195	197   	0.886095	0.002846   	0.887205
196	197   	0.885974	0.00382211 	0.887373
197	197   	0.886541	0.00267333 	0.887578
198	197   	0.886266	0.0043134  	0.889734
199	197   	0.888736	0.00334914 	0.889786
200	197   	0.888895	0.00304129 	0.889884
201	197   	0.888898	0.00351966 	0.890064
202	197   	0.889105	0.0034861  	0.890331
203	197   	0.889236	0.00349021 	0.890501
204	197   	0.889164	0.00402256 	0.890648
205	197   	0.889462	0.004055   	0.890807
206	197   	0.889363	0.00378655 	0.890994
207	197   	0.889567	0.0043479  	0.891079
208	197   	0.890241	0.00347916 	0.891236
209	197   	0.890436	0.00233996 	0.891487
210	197   	0.890187	0.00464723 	0.891784
211	197   	0.890877	0.0031743  	0.891963
212	197   	0.890948	0.00315993 	0.892133
213	197   	0.891166	0.00336943 	0.892481
214	197   	0.891227	0.00386398 	0.892837
215	197   	0.891358	0.00455636 	0.892916
216	197   	0.891685	0.00431141 	0.893103
217	197   	0.892062	0.00385376 	0.893184
218	197   	0.892259	0.00272111 	0.893253
219	197   	0.891917	0.00412774 	0.893394
220	197   	0.892174	0.00355699 	0.894281
221	197   	0.893344	0.0029351  	0.894456
222	197   	0.893695	0.0034577  	0.894668
223	197   	0.893532	0.00347562 	0.894915
224	197   	0.893874	0.00308533 	0.895257
225	197   	0.894366	0.00306797 	0.895785
226	197   	0.894995	0.00250873 	0.895981
227	197   	0.89467 	0.00403437 	0.896048
228	197   	0.89448 	0.00439966 	0.896158
229	197   	0.895192	0.00320063 	0.896732
230	197   	0.895577	0.00359473 	0.896826
231	197   	0.896177	0.00201542 	0.897107
232	197   	0.896266	0.00257978 	0.897326
233	197   	0.89617 	0.00405412 	0.897423
234	197   	0.896092	0.00364828 	0.897699
235	197   	0.896978	0.0027688  	0.897915
236	197   	0.896891	0.00342366 	0.898086
237	197   	0.896905	0.00417499 	0.898251
238	197   	0.897256	0.00330179 	0.898434
239	197   	0.89744 	0.00329823 	0.898502
240	197   	0.89762 	0.00298215 	0.898929
241	197   	0.897424	0.00457937 	0.898978
242	197   	0.897558	0.00442224 	0.899073
243	197   	0.898322	0.00239311 	0.899194
244	197   	0.898577	0.00210603 	0.899359
245	197   	0.898314	0.00380956 	0.899846
246	197   	0.899034	0.00305989 	0.899932
247	197   	0.898602	0.00389621 	0.900057
248	197   	0.899108	0.00293716 	0.900204
249	197   	0.899099	0.00353171 	0.900336
250	197   	0.899155	0.00334429 	0.900433
251	197   	0.899103	0.00421072 	0.900843
252	197   	0.899766	0.0028937  	0.900948
253	197   	0.899665	0.00399987 	0.901353
254	197   	0.900272	0.00368881 	0.901924
255	197   	0.900425	0.0045085  	0.901969
256	197   	0.900841	0.0034642  	0.90211 
257	197   	0.90071 	0.00439018 	0.902403
258	197   	0.901418	0.00334829 	0.902569
259	197   	0.901737	0.00296597 	0.902618
260	197   	0.90175 	0.00306042 	0.902824
261	197   	0.901749	0.00302606 	0.902982
262	197   	0.901764	0.00342375 	0.903018
263	197   	0.901599	0.00410393 	0.903291
264	197   	0.902237	0.00335015 	0.903596
265	197   	0.902154	0.00442602 	0.90381 
266	197   	0.902758	0.00316641 	0.903899
267	197   	0.902632	0.00404106 	0.904132
268	197   	0.903175	0.00384916 	0.904314
269	197   	0.902944	0.0042004  	0.904498
270	197   	0.903482	0.00293442 	0.904579
271	197   	0.90363 	0.00388362 	0.904921
272	197   	0.90353 	0.004215   	0.905072
273	197   	0.903796	0.00381466 	0.905264
274	197   	0.904262	0.00322214 	0.905387
275	197   	0.903653	0.00558788 	0.905663
276	197   	0.904871	0.00272135 	0.906097
277	197   	0.905026	0.00344201 	0.90618 
278	197   	0.905385	0.00246424 	0.906746
279	197   	0.905462	0.00450771 	0.907284
280	197   	0.905972	0.00416354 	0.907359
281	197   	0.906279	0.00310575 	0.907473
282	197   	0.90636 	0.00333957 	0.907511
283	197   	0.906328	0.00353108 	0.908108
284	197   	0.906672	0.00400637 	0.908197
285	197   	0.907124	0.00364637 	0.908418
286	197   	0.907727	0.00269846 	0.908661
287	197   	0.907596	0.00313544 	0.908823
288	197   	0.907857	0.00395609 	0.909033
289	197   	0.90828 	0.00270449 	0.909093
290	197   	0.908205	0.00271895 	0.909149
291	197   	0.907608	0.0044253  	0.909307
292	197   	0.908223	0.00330586 	0.90961 
293	197   	0.908566	0.00368592 	0.909804
294	197   	0.908923	0.00283397 	0.909871
295	197   	0.908313	0.00436176 	0.909905
296	197   	0.908855	0.0035755  	0.910124
297	197   	0.9093  	0.00346731 	0.91017 
298	197   	0.908894	0.0041196  	0.910262
299	197   	0.909344	0.00337318 	0.910341
300	197   	0.909407	0.00322713 	0.910498gen	nevals	avg     	std        	max     
0  	0     	0.909407	0.00322713 	0.910498
1  	197   	0.910111	0.00132081 	0.91055 
2  	197   	0.909766	0.00349616 	0.9107  
3  	197   	0.91043 	0.00163613 	0.910753
4  	197   	0.910178	0.00249718 	0.910802
5  	197   	0.910372	0.00185226 	0.910988
6  	197   	0.910372	0.00292108 	0.911256
7  	197   	0.910395	0.00319668 	0.911393
8  	197   	0.910866	0.00241347 	0.911429
9  	197   	0.910766	0.0028814  	0.911555
10 	197   	0.910631	0.0039818  	0.91171 
11 	197   	0.911326	0.00175491 	0.911743
12 	197   	0.910999	0.00302151 	0.91213 
13 	197   	0.911364	0.00256892 	0.912428
14 	197   	0.911886	0.00190598 	0.912535
15 	197   	0.911813	0.00263166 	0.912644
16 	197   	0.912016	0.00280164 	0.91283 
17 	197   	0.912516	0.00163804 	0.912871
18 	197   	0.912248	0.00262613 	0.912962
19 	197   	0.912496	0.0021247  	0.913082
20 	197   	0.912547	0.00224796 	0.913216
21 	197   	0.912375	0.00322404 	0.913321
22 	197   	0.913055	0.000964213	0.913408
23 	197   	0.91294 	0.0020202  	0.913566
24 	197   	0.91302 	0.00224235 	0.913724
25 	197   	0.912997	0.00267162 	0.91386 
26 	197   	0.913137	0.00271704 	0.913947
27 	197   	0.913202	0.00315721 	0.914003
28 	197   	0.913281	0.00297838 	0.914172
29 	197   	0.913645	0.00294892 	0.914209
30 	197   	0.913515	0.00281753 	0.914447
31 	197   	0.913841	0.00252089 	0.915071
32 	197   	0.91445 	0.00253455 	0.91517 
33 	197   	0.914465	0.00307013 	0.915286
34 	197   	0.914793	0.00222479 	0.915373
35 	197   	0.914674	0.00320751 	0.915418
36 	197   	0.914739	0.00326476 	0.915523
37 	197   	0.915097	0.00158903 	0.915553
38 	197   	0.91501 	0.00235153 	0.915684
39 	197   	0.915275	0.00129831 	0.915766
40 	197   	0.915004	0.00232968 	0.91586 
41 	197   	0.915268	0.00269417 	0.91591 
42 	197   	0.915422	0.00175841 	0.915956
43 	197   	0.915559	0.00141208 	0.916031
44 	197   	0.914939	0.00377255 	0.916054
45 	197   	0.915319	0.0033374  	0.916141
46 	197   	0.915483	0.00302914 	0.916238
47 	197   	0.915532	0.00274273 	0.916357
48 	197   	0.915678	0.00309301 	0.916466
49 	197   	0.916026	0.00231589 	0.916641
50 	197   	0.91612 	0.00191732 	0.916717
51 	197   	0.916231	0.00168059 	0.916826
52 	197   	0.916511	0.00159909 	0.917   
53 	197   	0.916398	0.00234077 	0.917101
54 	197   	0.916487	0.00279727 	0.917149
55 	197   	0.916481	0.00304374 	0.917227
56 	197   	0.916427	0.00251286 	0.917342
57 	197   	0.916462	0.00374545 	0.917577
58 	197   	0.916634	0.00369507 	0.917659
59 	197   	0.916963	0.00229271 	0.917794
60 	197   	0.917244	0.00232189 	0.917928
61 	197   	0.917313	0.00245531 	0.91811 
62 	197   	0.917731	0.00166543 	0.918186
63 	197   	0.917509	0.00297169 	0.918266
64 	197   	0.917881	0.00190007 	0.918356
65 	197   	0.91761 	0.0026343  	0.918459
66 	197   	0.917719	0.00244458 	0.918552
67 	197   	0.91782 	0.00347379 	0.918614
68 	197   	0.917238	0.00460585 	0.918765
69 	197   	0.918087	0.00255205 	0.918888
70 	197   	0.91836 	0.00210016 	0.919064
71 	197   	0.918318	0.00330812 	0.919156
72 	197   	0.918061	0.00408428 	0.919214
73 	197   	0.918338	0.00350177 	0.919286
74 	197   	0.918516	0.00265145 	0.919364
75 	197   	0.918806	0.00210349 	0.919394
76 	197   	0.91875 	0.00255101 	0.919453
77 	197   	0.918931	0.00223004 	0.919727
78 	197   	0.919185	0.0025046  	0.919775
79 	197   	0.91913 	0.00279515 	0.919875
80 	197   	0.919225	0.00302841 	0.919917
81 	197   	0.919176	0.00251747 	0.919968
82 	197   	0.919375	0.0028413  	0.920029
83 	197   	0.918669	0.00516189 	0.920061
84 	197   	0.91954 	0.00181502 	0.920149
85 	197   	0.919483	0.00320162 	0.920334
86 	197   	0.919625	0.00289423 	0.92042 
87 	197   	0.919747	0.00275884 	0.920482
88 	197   	0.919815	0.00297243 	0.920612
89 	197   	0.920046	0.0026558  	0.920641
90 	197   	0.920135	0.00203556 	0.920686
91 	197   	0.920325	0.00184247 	0.920827
92 	197   	0.920163	0.00305387 	0.921265
93 	197   	0.920453	0.00400781 	0.921325
94 	197   	0.920798	0.00221848 	0.921391
95 	197   	0.920621	0.00327496 	0.921517
96 	197   	0.921028	0.00204118 	0.921578
97 	197   	0.920726	0.00343021 	0.921692
98 	197   	0.92105 	0.00253439 	0.921723
99 	197   	0.921095	0.00234793 	0.921767
100	197   	0.921234	0.00222935 	0.921835
101	197   	0.921411	0.00157551 	0.921895
102	197   	0.921344	0.00275738 	0.922021
103	197   	0.921425	0.00256071 	0.922069
104	197   	0.921481	0.00193632 	0.92215 
105	197   	0.921653	0.00233569 	0.922229
106	197   	0.921325	0.00411596 	0.922298
107	197   	0.92183 	0.0023508  	0.922469
108	197   	0.921717	0.00398812 	0.92251 
109	197   	0.921996	0.00253494 	0.922538
110	197   	0.921811	0.00348794 	0.922619
111	197   	0.921855	0.00251775 	0.922638
112	197   	0.92199 	0.00250343 	0.922735
113	197   	0.922367	0.00158571 	0.92279 
114	197   	0.921781	0.00399466 	0.922885
115	197   	0.922281	0.00225511 	0.923064
116	197   	0.92252 	0.00193122 	0.923093
117	197   	0.922251	0.00304669 	0.923736
118	197   	0.923245	0.00194692 	0.923875
119	197   	0.923467	0.00164404 	0.923943
120	197   	0.923595	0.0015789  	0.923997
121	197   	0.923342	0.00300168 	0.92403 
122	197   	0.923113	0.00401924 	0.924167
123	197   	0.923885	0.00112492 	0.924245
124	197   	0.92358 	0.00250437 	0.924361
125	197   	0.923957	0.00161592 	0.924403
126	197   	0.923551	0.00327524 	0.924502
127	197   	0.923849	0.00215717 	0.92461 
128	197   	0.924209	0.00207421 	0.9247  
129	197   	0.924272	0.00197383 	0.924749
130	197   	0.924373	0.00179388 	0.924815
131	197   	0.923984	0.00312897 	0.924876
132	197   	0.924506	0.00152162 	0.925016
133	197   	0.924742	0.00128758 	0.925182
134	197   	0.924552	0.00286472 	0.92523 
135	197   	0.924835	0.00190021 	0.925303
136	197   	0.924517	0.00271709 	0.925327
137	197   	0.924635	0.0029592  	0.925344
138	197   	0.924749	0.00269799 	0.92538 
139	197   	0.924693	0.00287931 	0.925412
140	197   	0.92479 	0.00259109 	0.925568
141	197   	0.924683	0.00395611 	0.925653
142	197   	0.925134	0.00225969 	0.925674
143	197   	0.925223	0.00169447 	0.925741
144	197   	0.925021	0.00308006 	0.925812
145	197   	0.925124	0.00258189 	0.925896
146	197   	0.92531 	0.00244778 	0.926171
147	197   	0.925688	0.00222243 	0.926321
148	197   	0.926029	0.00153536 	0.926353
149	197   	0.925655	0.00282266 	0.92637 
150	197   	0.925702	0.00245224 	0.926539
151	197   	0.92589 	0.00318238 	0.926651
152	197   	0.92587 	0.00258956 	0.926666
153	197   	0.925768	0.00371224 	0.926745
154	197   	0.926183	0.00266393 	0.926785
155	197   	0.926178	0.00279406 	0.926853
156	197   	0.926532	0.00115028 	0.926926
157	197   	0.926408	0.0023407  	0.926963
158	197   	0.926244	0.00257014 	0.927009
159	197   	0.926491	0.00231875 	0.927036
160	197   	0.926458	0.0026889  	0.927065
161	197   	0.926322	0.00282613 	0.927162
162	197   	0.926639	0.00232778 	0.927263
163	197   	0.9267  	0.00260645 	0.927572
164	197   	0.926625	0.00363648 	0.927629
165	197   	0.927137	0.00285859 	0.927668
166	197   	0.927207	0.0021244  	0.927768
167	197   	0.92721 	0.00264571 	0.927948
168	197   	0.927484	0.00206866 	0.928099
169	197   	0.927551	0.00253124 	0.928135
170	197   	0.927627	0.00163946 	0.928386
171	197   	0.927864	0.00228574 	0.928513
172	197   	0.928192	0.00154338 	0.928576
173	197   	0.927975	0.00282908 	0.928613
174	197   	0.927862	0.00278472 	0.92862 
175	197   	0.928041	0.00248686 	0.928667
176	197   	0.928263	0.00207187 	0.928736
177	197   	0.928072	0.00279459 	0.928755
178	197   	0.927944	0.00330947 	0.928868
179	197   	0.928314	0.00221727 	0.928887
180	197   	0.928108	0.00313497 	0.928942
181	197   	0.928012	0.00345183 	0.929029
182	197   	0.928498	0.00220458 	0.929125
183	197   	0.928353	0.00357193 	0.929214
184	197   	0.928446	0.00283975 	0.92927 
185	197   	0.928412	0.00381535 	0.929314
186	197   	0.928646	0.00216874 	0.929457
187	197   	0.928907	0.0019119  	0.929525
188	197   	0.928868	0.00315009 	0.929655
189	197   	0.929026	0.00269403 	0.929684
190	197   	0.928969	0.00261549 	0.92971 
191	197   	0.929011	0.00276329 	0.929853
192	197   	0.929273	0.00251246 	0.930025
193	197   	0.929214	0.00318448 	0.930187
194	197   	0.929543	0.00290057 	0.930319
195	197   	0.929412	0.00303212 	0.930399
196	197   	0.92969 	0.00310127 	0.930492
197	197   	0.929986	0.0025208  	0.930524
198	197   	0.929973	0.00245663 	0.930574
199	197   	0.930162	0.0014763  	0.930625
200	197   	0.930142	0.00242667 	0.930704