Execution of the code with theses parameters
On this image bro 5a.png
generations : 500
generations2 :0
population_size :200
seed : 31
polygons :5
mutation_rate :1
mating_prob : 0.05
mutate_pt :0.6
shuffle :0.05
remove_poly :0.05
add_poly :0.1
change_cr :0.1
add_pt :0.1
independance :False
mutate_pt2 :0.8
shuffle2 :0.05
remove_poly20.02
add_poly2 :0.05
change_cr2 :0.03
add_pt2 :0.05
independance2 :FalseWe got theses results 
gen	nevals	avg     	std        	max     
0  	200   	0.668774	0.0112802  	0.70807 
1  	200   	0.708755	0.0049857  	0.745121
2  	200   	0.745734	0.00245207 	0.758017
3  	200   	0.758163	0.00140027 	0.765583
4  	200   	0.765662	0.000946559	0.771214
5  	200   	0.77127 	0.000949969	0.782358
6  	200   	0.782273	0.000796969	0.785716
7  	200   	0.785623	0.000713771	0.789097
8  	200   	0.788869	0.0010735  	0.790497
9  	200   	0.790312	0.000763919	0.791212
10 	200   	0.79106 	0.000956548	0.793207
11 	200   	0.793104	0.00073087 	0.79442 
12 	200   	0.79423 	0.000870739	0.79581 
13 	200   	0.795806	0.000573285	0.800057
14 	200   	0.799893	0.000717702	0.801753
15 	200   	0.801627	0.000762364	0.80432 
16 	200   	0.804161	0.00106421 	0.809013
17 	200   	0.808798	0.000949624	0.811129
18 	200   	0.810802	0.00120956 	0.811978
19 	200   	0.811664	0.00131843 	0.813694
20 	200   	0.813566	0.00062719 	0.815671
21 	200   	0.815326	0.00146901 	0.816866
22 	200   	0.816619	0.00110878 	0.817818
23 	200   	0.817505	0.00123796 	0.819051
24 	200   	0.818781	0.00112194 	0.820155
25 	200   	0.819806	0.00126353 	0.820637
26 	200   	0.820372	0.000989946	0.821312
27 	200   	0.821104	0.000842184	0.822475
28 	200   	0.822201	0.00125587 	0.823562
29 	200   	0.823281	0.000941631	0.82397 
30 	200   	0.823563	0.00142125 	0.824708
31 	200   	0.824358	0.00151093 	0.825715
32 	200   	0.825533	0.000737734	0.826456
33 	200   	0.826149	0.00127519 	0.82735 
34 	200   	0.827085	0.00104408 	0.82788 
35 	200   	0.827384	0.001731   	0.828594
36 	200   	0.828387	0.000848904	0.829099
37 	200   	0.82894 	0.000747313	0.830047
38 	200   	0.829699	0.00151864 	0.832364
39 	200   	0.832158	0.000901228	0.833032
40 	200   	0.832602	0.00177955 	0.833916
41 	200   	0.833631	0.00110709 	0.835415
42 	200   	0.83485 	0.00183514 	0.835877
43 	200   	0.835574	0.00147898 	0.836983
44 	200   	0.836495	0.00143195 	0.837659
45 	200   	0.837297	0.00169884 	0.838279
46 	200   	0.83799 	0.000955465	0.839222
47 	200   	0.838701	0.00199706 	0.842345
48 	200   	0.842015	0.00115372 	0.842829
49 	200   	0.842598	0.00098384 	0.84303 
50 	200   	0.842671	0.00152562 	0.843408
51 	200   	0.843103	0.00110605 	0.844529
52 	200   	0.844109	0.00155105 	0.845093
53 	200   	0.844764	0.00126203 	0.845672
54 	200   	0.845449	0.000838951	0.846174
55 	200   	0.845864	0.00128351 	0.846402
56 	200   	0.845974	0.00165122 	0.847693
57 	200   	0.84729 	0.00146232 	0.848073
58 	200   	0.847549	0.00173753 	0.848488
59 	200   	0.848004	0.00169881 	0.848966
60 	200   	0.848522	0.00149858 	0.849708
61 	200   	0.849123	0.00181489 	0.850486
62 	200   	0.850096	0.00137814 	0.850904
63 	200   	0.85042 	0.00169408 	0.851138
64 	200   	0.850832	0.00102516 	0.851426
65 	200   	0.850941	0.00151246 	0.852432
66 	200   	0.851998	0.00167749 	0.853135
67 	200   	0.852695	0.00169115 	0.853761
68 	200   	0.853146	0.00197486 	0.854032
69 	200   	0.8534  	0.00218415 	0.85465 
70 	200   	0.854046	0.00175637 	0.855071
71 	200   	0.854755	0.00130285 	0.855205
72 	200   	0.854808	0.00169543 	0.855646
73 	200   	0.855159	0.00178902 	0.856993
74 	200   	0.85646 	0.00170862 	0.857377
75 	200   	0.856835	0.00193541 	0.857968
76 	200   	0.85742 	0.0019119  	0.858475
77 	200   	0.858044	0.00146375 	0.85978 
78 	200   	0.859421	0.00171094 	0.860108
79 	200   	0.85948 	0.00202018 	0.860409
80 	200   	0.859849	0.00192301 	0.861426
81 	200   	0.860746	0.00211831 	0.861647
82 	200   	0.861216	0.00167083 	0.861974
83 	200   	0.861365	0.00175313 	0.862211
84 	200   	0.861728	0.00186697 	0.862596
85 	200   	0.862269	0.0012954  	0.863228
86 	200   	0.862817	0.00174067 	0.864167
87 	200   	0.863614	0.00161644 	0.865087
88 	200   	0.864645	0.00166515 	0.865485
89 	200   	0.864993	0.00164057 	0.865707
90 	200   	0.865381	0.00115575 	0.866215
91 	200   	0.865859	0.00151899 	0.867555
92 	200   	0.86724 	0.000992869	0.868063
93 	200   	0.867712	0.00131715 	0.86855 
94 	200   	0.86825 	0.00149489 	0.87151 
95 	200   	0.871103	0.00145922 	0.871648
96 	200   	0.871184	0.0014115  	0.872066
97 	200   	0.87158 	0.00182108 	0.872338
98 	200   	0.872006	0.00141382 	0.873221
99 	200   	0.872629	0.00190687 	0.873376
100	200   	0.87289 	0.00170813 	0.874761
101	200   	0.874319	0.0013469  	0.874928
102	200   	0.87441 	0.00141433 	0.875262
103	200   	0.874679	0.00191199 	0.875416
104	200   	0.874895	0.00178353 	0.875664
105	200   	0.875278	0.0012831  	0.87609 
106	200   	0.875673	0.00163041 	0.876361
107	200   	0.876001	0.00102711 	0.876769
108	200   	0.876144	0.0019066  	0.877255
109	200   	0.876876	0.00149232 	0.877493
110	200   	0.876915	0.00179468 	0.878025
111	200   	0.877357	0.00177712 	0.878264
112	200   	0.877633	0.00217814 	0.878396
113	200   	0.878055	0.00091126 	0.878714
114	200   	0.877997	0.00256563 	0.879286
115	200   	0.878851	0.00140528 	0.87989 
116	200   	0.879216	0.00204937 	0.882159
117	200   	0.881389	0.00223637 	0.88243 
118	200   	0.881987	0.00179023 	0.882714
119	200   	0.88218 	0.00181877 	0.883044
120	200   	0.882548	0.00181684 	0.883248
121	200   	0.882883	0.00141984 	0.884278
122	200   	0.883711	0.00199699 	0.884666
123	200   	0.883788	0.00275497 	0.884855
124	200   	0.88424 	0.0023061  	0.885275
125	200   	0.884805	0.00152568 	0.88547 
126	200   	0.884685	0.00238243 	0.88562 
127	200   	0.884779	0.00237739 	0.886037
128	200   	0.885333	0.00216464 	0.886192
129	200   	0.885628	0.00187548 	0.886586
130	200   	0.8858  	0.00242614 	0.887502
131	200   	0.886952	0.00199978 	0.887981
132	200   	0.887303	0.0024142  	0.888285
133	200   	0.887747	0.00177775 	0.888586
134	200   	0.887912	0.00226151 	0.888723
135	200   	0.888396	0.00105603 	0.889152
136	200   	0.888614	0.00163104 	0.889509
137	200   	0.888803	0.00241376 	0.890057
138	200   	0.889528	0.00176502 	0.890456
139	200   	0.889775	0.00200293 	0.890883
140	200   	0.889856	0.00295457 	0.891237
141	200   	0.890736	0.0019001  	0.891389
142	200   	0.890651	0.00218289 	0.891574
143	200   	0.890983	0.00185677 	0.891768
144	200   	0.891298	0.00136554 	0.891956
145	200   	0.89132 	0.00187533 	0.89234 
146	200   	0.891685	0.00211917 	0.892848
147	200   	0.892318	0.00158463 	0.892957
148	200   	0.892495	0.00166504 	0.894259
149	200   	0.894052	0.000807525	0.894692
150	200   	0.894136	0.00223237 	0.89551 
151	200   	0.894799	0.00218855 	0.895898
152	200   	0.895245	0.00195978 	0.896452
153	200   	0.895596	0.00272399 	0.896569
154	200   	0.896173	0.00141801 	0.897206
155	200   	0.896853	0.00116175 	0.897283
156	200   	0.896577	0.00239937 	0.897368
157	200   	0.896775	0.00218977 	0.897834
158	200   	0.89729 	0.001674   	0.898007
159	200   	0.897185	0.00241287 	0.898109
160	200   	0.897197	0.00316945 	0.898618
161	200   	0.897803	0.00252417 	0.8987  
162	200   	0.8983  	0.0014406  	0.899217
163	200   	0.898303	0.0028559  	0.89936 
164	200   	0.898733	0.00200628 	0.899612
165	200   	0.899147	0.00155323 	0.899784
166	200   	0.899312	0.00152275 	0.899967
167	200   	0.899082	0.00263351 	0.900071
168	200   	0.899382	0.00233551 	0.900298
169	200   	0.899677	0.00218335 	0.900448
170	200   	0.899604	0.00256337 	0.90061 
171	200   	0.900076	0.00182926 	0.900963
172	200   	0.900219	0.00241725 	0.901227
173	200   	0.900849	0.00155183 	0.901401
174	200   	0.900897	0.00179878 	0.901773
175	200   	0.901027	0.00225382 	0.902276
176	200   	0.901333	0.00257506 	0.902493
177	200   	0.901777	0.00248045 	0.902842
178	200   	0.902054	0.00229631 	0.903013
179	200   	0.90237 	0.0021432  	0.903201
180	200   	0.902447	0.00234942 	0.903352
181	200   	0.902903	0.00188599 	0.903491
182	200   	0.902974	0.00168922 	0.903651
183	200   	0.902864	0.00230605 	0.904061
184	200   	0.903539	0.00191816 	0.904213
185	200   	0.903604	0.00234041 	0.904476
186	200   	0.903907	0.00180252 	0.904778
187	200   	0.904286	0.00138268 	0.904845
188	200   	0.904275	0.00184322 	0.90496 
189	200   	0.904391	0.00190757 	0.905178
190	200   	0.904351	0.00242154 	0.905325
191	200   	0.904546	0.00223077 	0.905458
192	200   	0.90493 	0.00192946 	0.906197
193	200   	0.90562 	0.00203381 	0.906345
194	200   	0.905487	0.00272801 	0.906585
195	200   	0.90552 	0.00309122 	0.906703
196	200   	0.905732	0.00304306 	0.907041
197	200   	0.90636 	0.00205616 	0.90741 
198	200   	0.906756	0.00220126 	0.907757
199	200   	0.906929	0.00236113 	0.908187
200	200   	0.907467	0.00213152 	0.908366
201	200   	0.90753 	0.00260952 	0.90842 
202	200   	0.907923	0.00158076 	0.908507
203	200   	0.907788	0.00188908 	0.908711
204	200   	0.907667	0.00303694 	0.909489
205	200   	0.908445	0.00284998 	0.909579
206	200   	0.909133	0.00118925 	0.909799
207	200   	0.908992	0.00251809 	0.910018
208	200   	0.909365	0.00232641 	0.910167
209	200   	0.9097  	0.0018798  	0.910221
210	200   	0.90938 	0.00247321 	0.91028 
211	200   	0.90965 	0.00218715 	0.910556
212	200   	0.909972	0.00193711 	0.910826
213	200   	0.910094	0.0021053  	0.910934
214	200   	0.910088	0.00225397 	0.911117
215	200   	0.910168	0.00313344 	0.911219
216	200   	0.910433	0.00290468 	0.911448
217	200   	0.910793	0.00220561 	0.911557
218	200   	0.910896	0.00264506 	0.911672
219	200   	0.911148	0.00207929 	0.91188 
220	200   	0.911025	0.00246095 	0.912088
221	200   	0.911275	0.00282665 	0.912247
222	200   	0.911404	0.00240397 	0.912465
223	200   	0.912123	0.00125779 	0.912637
224	200   	0.911854	0.00238407 	0.912694
225	200   	0.911912	0.00258908 	0.912964
226	200   	0.912171	0.0025436  	0.913202
227	200   	0.912695	0.00181899 	0.913327
228	200   	0.912572	0.00230942 	0.913552
229	200   	0.912721	0.00284472 	0.913627
230	200   	0.912731	0.00296328 	0.913757
231	200   	0.913128	0.00200462 	0.914778
232	200   	0.914091	0.0021753  	0.914941
233	200   	0.914228	0.00231007 	0.915043
234	200   	0.914401	0.00211974 	0.915196
235	200   	0.91455 	0.00208741 	0.916106
236	200   	0.915251	0.00291361 	0.916255
237	200   	0.915622	0.00189129 	0.916351
238	200   	0.915753	0.00244715 	0.9166  
239	200   	0.916134	0.00160671 	0.916695
240	200   	0.915721	0.00291358 	0.916883
241	200   	0.915864	0.00337305 	0.916985
242	200   	0.916292	0.00225092 	0.917866
243	200   	0.91726 	0.00250944 	0.917968
244	200   	0.917116	0.00265047 	0.91819 
245	200   	0.917374	0.00247905 	0.918371
246	200   	0.917611	0.00235055 	0.918423
247	200   	0.917654	0.00248003 	0.918589
248	200   	0.918006	0.00174109 	0.918738
249	200   	0.918102	0.00176129 	0.918765
250	200   	0.917857	0.00252339 	0.918897
251	200   	0.918505	0.00126531 	0.919348
252	200   	0.918502	0.00321557 	0.919498
253	200   	0.918905	0.00209196 	0.919536
254	200   	0.91894 	0.0022522  	0.919666
255	200   	0.918913	0.00232844 	0.919736
256	200   	0.91893 	0.00243788 	0.919866
257	200   	0.919184	0.00222125 	0.920253
258	200   	0.919372	0.00227521 	0.920337
259	200   	0.919389	0.00275204 	0.920404
260	200   	0.919524	0.00259539 	0.920519
261	200   	0.919755	0.00235325 	0.920742
262	200   	0.919915	0.00289404 	0.921088
263	200   	0.920342	0.00294358 	0.921796
264	200   	0.921215	0.0022073  	0.921847
265	200   	0.92117 	0.00202528 	0.921976
266	200   	0.921424	0.00161968 	0.922131
267	200   	0.921263	0.00274947 	0.922235
268	200   	0.921264	0.00298319 	0.922306
269	200   	0.921331	0.00334495 	0.922379
270	200   	0.921564	0.00207924 	0.922505
271	200   	0.921918	0.00203352 	0.922651
272	200   	0.922179	0.00126368 	0.9231  
273	200   	0.922319	0.00260071 	0.923283
274	200   	0.922696	0.00219795 	0.923426
275	200   	0.92262 	0.00242188 	0.92363 
276	200   	0.922977	0.00242045 	0.924124
277	200   	0.923531	0.00229922 	0.924236
278	200   	0.923385	0.0024674  	0.924391
279	200   	0.923808	0.00212798 	0.924532
280	200   	0.923703	0.00287247 	0.924749
281	200   	0.92387 	0.00288311 	0.924784
282	200   	0.923583	0.0033302  	0.92505 
283	200   	0.924171	0.00263599 	0.925157
284	200   	0.924269	0.00284152 	0.925226
285	200   	0.924551	0.0023228  	0.925303
286	200   	0.924718	0.00189342 	0.925516
287	200   	0.924929	0.00203198 	0.925877
288	200   	0.924814	0.00342973 	0.925961
289	200   	0.924931	0.00310598 	0.925991
290	200   	0.925366	0.0020368  	0.926043
291	200   	0.92522 	0.00243029 	0.926137
292	200   	0.925527	0.0019844  	0.926187
293	200   	0.925346	0.00275517 	0.926242
294	200   	0.925416	0.0024557  	0.926305
295	200   	0.925507	0.0021345  	0.926517
296	200   	0.925318	0.00358575 	0.92658 
297	200   	0.925746	0.00250145 	0.926756
298	200   	0.926293	0.00151495 	0.927535
299	200   	0.926955	0.00199974 	0.927611
300	200   	0.926813	0.00233211 	0.927698
301	200   	0.92701 	0.00211352 	0.927875
302	200   	0.92701 	0.00263663 	0.927919
303	200   	0.927076	0.00239772 	0.927988
304	200   	0.927443	0.00245987 	0.928049
305	200   	0.926984	0.00294932 	0.928384
306	200   	0.92788 	0.00189664 	0.928473
307	200   	0.927925	0.00183368 	0.928545
308	200   	0.927743	0.00262396 	0.928568
309	200   	0.928021	0.0020109  	0.928645
310	200   	0.927736	0.00279412 	0.928681
311	200   	0.927565	0.00310383 	0.92885 
312	200   	0.928103	0.00207067 	0.928875
313	200   	0.927711	0.00299006 	0.929097
314	200   	0.928026	0.00307322 	0.929179
315	200   	0.928237	0.00326474 	0.929378
316	200   	0.928491	0.00251745 	0.92945 
317	200   	0.928508	0.00304821 	0.929478
318	200   	0.928398	0.00348016 	0.929531
319	200   	0.928357	0.0033392  	0.929663
320	200   	0.928731	0.00263934 	0.929813
321	200   	0.929281	0.00166044 	0.92994 
322	200   	0.929031	0.00295058 	0.929991
323	200   	0.929138	0.00251964 	0.930074
324	200   	0.928912	0.00316314 	0.93017 
325	200   	0.92928 	0.00255171 	0.930214
326	200   	0.928992	0.00359349 	0.93038 
327	200   	0.929764	0.00244124 	0.930437
328	200   	0.929518	0.00287577 	0.930498
329	200   	0.929928	0.00220841 	0.930593
330	200   	0.929596	0.00300782 	0.93065 
331	200   	0.929943	0.00230172 	0.930702
332	200   	0.930082	0.00181089 	0.930776
333	200   	0.929932	0.00207169 	0.930987
334	200   	0.930226	0.00223525 	0.931033
335	200   	0.930254	0.00276621 	0.931143
336	200   	0.930428	0.00214355 	0.931216
337	200   	0.930513	0.00232844 	0.931309
338	200   	0.930782	0.00144501 	0.931343
339	200   	0.930509	0.00262318 	0.931384
340	200   	0.93072 	0.00194269 	0.931443
341	200   	0.930456	0.00329971 	0.93151 
342	200   	0.931098	0.00131266 	0.931556
343	200   	0.930689	0.00274314 	0.931617
344	200   	0.930546	0.00307901 	0.931678
345	200   	0.930745	0.00255296 	0.932285
346	200   	0.93153 	0.00266385 	0.93241 
347	200   	0.931603	0.00250741 	0.932845
348	200   	0.931813	0.00330296 	0.932911
349	200   	0.932162	0.00232417 	0.93305 
350	200   	0.932106	0.00267908 	0.93308 
351	200   	0.932281	0.00262681 	0.933123
352	200   	0.932543	0.00226643 	0.933154
353	200   	0.932272	0.00273393 	0.933178
354	200   	0.93249 	0.00224273 	0.933376
355	200   	0.932604	0.00224437 	0.933437
356	200   	0.93269 	0.00203022 	0.933546
357	200   	0.932775	0.00272856 	0.933605
358	200   	0.932504	0.00325305 	0.933643
359	200   	0.932885	0.00227886 	0.933756
360	200   	0.93304 	0.00234433 	0.933819
361	200   	0.933279	0.00183948 	0.933936
362	200   	0.933332	0.00215612 	0.934368
363	200   	0.933509	0.00275909 	0.934445
364	200   	0.933552	0.00315797 	0.934636
365	200   	0.934012	0.00192525 	0.934662
366	200   	0.933901	0.00216176 	0.934715
367	200   	0.933937	0.00203849 	0.934795
368	200   	0.934241	0.00147005 	0.934968
369	200   	0.934254	0.00245294 	0.934998
370	200   	0.933951	0.00307758 	0.935047
371	200   	0.934267	0.00264385 	0.935078
372	200   	0.934435	0.00240564 	0.935114
373	200   	0.934469	0.00190815 	0.935178
374	200   	0.934462	0.0022425  	0.935219
375	200   	0.934204	0.00314562 	0.935363
376	200   	0.934412	0.00269069 	0.935449
377	200   	0.934564	0.00349519 	0.935489
378	200   	0.934787	0.00241851 	0.935524
379	200   	0.934896	0.00178941 	0.935743
380	200   	0.934948	0.00203494 	0.936108
381	200   	0.935109	0.00291227 	0.936153
382	200   	0.935208	0.00310004 	0.936294
383	200   	0.93579 	0.00142826 	0.936602
384	200   	0.93584 	0.00274935 	0.936678
385	200   	0.936175	0.0017427  	0.936741
386	200   	0.935417	0.00395884 	0.936931
387	200   	0.936117	0.00265468 	0.936966
388	200   	0.936099	0.00256314 	0.937016
389	200   	0.936284	0.00266178 	0.937058
390	200   	0.936187	0.00282128 	0.937104
391	200   	0.936174	0.00213147 	0.937181
392	200   	0.936422	0.0023715  	0.937225
393	200   	0.936323	0.00268474 	0.937297
394	200   	0.936407	0.00274496 	0.937327
395	200   	0.936356	0.00260117 	0.937401
396	200   	0.936454	0.00280411 	0.937445
397	200   	0.936708	0.00250288 	0.937467
398	200   	0.936581	0.00303547 	0.937516
399	200   	0.93674 	0.00215221 	0.937542
400	200   	0.93667 	0.00280703 	0.937935
401	200   	0.937201	0.00229848 	0.937984
402	200   	0.937048	0.00277436 	0.938046
403	200   	0.937014	0.00317141 	0.938117
404	200   	0.937324	0.00271602 	0.938177
405	200   	0.937499	0.0024415  	0.938256
406	200   	0.937641	0.00203304 	0.938286
407	200   	0.937527	0.0025647  	0.938302
408	200   	0.937932	0.00105095 	0.938348
409	200   	0.937558	0.00230999 	0.938404
410	200   	0.937712	0.00239216 	0.938493
411	200   	0.937937	0.00150296 	0.93857 
412	200   	0.937842	0.00245933 	0.938598
413	200   	0.938046	0.00158586 	0.938646
414	200   	0.937957	0.00224324 	0.938667
415	200   	0.937792	0.00369935 	0.93869 
416	200   	0.937791	0.0024436  	0.938764
417	200   	0.937806	0.00256985 	0.938817
418	200   	0.937993	0.00328437 	0.938863
419	200   	0.937827	0.00302697 	0.938891
420	200   	0.937951	0.00286149 	0.938969
421	200   	0.937864	0.003151   	0.938994
422	200   	0.937995	0.00349104 	0.939057
423	200   	0.937902	0.00323727 	0.93908 
424	200   	0.938109	0.00302825 	0.939115
425	200   	0.938335	0.00233236 	0.939214
426	200   	0.938688	0.00168258 	0.939241
427	200   	0.938039	0.00392452 	0.93928 
428	200   	0.938487	0.00254455 	0.939592
429	200   	0.93895 	0.00230881 	0.939625
430	200   	0.939085	0.00174377 	0.939667
431	200   	0.938896	0.00245305 	0.939716
432	200   	0.938742	0.00307348 	0.939947
433	200   	0.938852	0.00330084 	0.940046
434	200   	0.939375	0.00232681 	0.940285
435	200   	0.939337	0.0027522  	0.940552
436	200   	0.939821	0.00240108 	0.940573
437	200   	0.939607	0.00265526 	0.94061 
438	200   	0.940006	0.00204021 	0.940633
439	200   	0.939901	0.00236391 	0.940653
440	200   	0.939859	0.00235723 	0.940714
441	200   	0.940048	0.00230852 	0.94076 
442	200   	0.939988	0.0025337  	0.940779
443	200   	0.939734	0.00345937 	0.941034
444	200   	0.940066	0.00275225 	0.941078
445	200   	0.940126	0.00321787 	0.941114
446	200   	0.940344	0.00250084 	0.941141
447	200   	0.940349	0.00263513 	0.941172
448	200   	0.940191	0.00317032 	0.94121 
449	200   	0.94019 	0.00291969 	0.941262
450	200   	0.940279	0.00269058 	0.941351
451	200   	0.94068 	0.00213209 	0.94137 
452	200   	0.940888	0.00163142 	0.941423
453	200   	0.940339	0.00345301 	0.941474
454	200   	0.940502	0.00303014 	0.941487
455	200   	0.940761	0.00232196 	0.941518
456	200   	0.940647	0.00273263 	0.941547
457	200   	0.940916	0.00191959 	0.941655
458	200   	0.940991	0.00214466 	0.94167 
459	200   	0.940962	0.00205923 	0.94173 
460	200   	0.940727	0.00344886 	0.941756
461	200   	0.940817	0.002658   	0.941857
462	200   	0.940943	0.00288112 	0.941952
463	200   	0.941309	0.00221402 	0.941997
464	200   	0.941036	0.00325321 	0.942009
465	200   	0.941268	0.00241037 	0.94204 
466	200   	0.941343	0.00190468 	0.942105
467	200   	0.941329	0.00262247 	0.942163
468	200   	0.941346	0.002782   	0.942185
469	200   	0.941519	0.00233512 	0.942234
470	200   	0.941076	0.00307963 	0.942256
471	200   	0.941058	0.00404946 	0.942283
472	200   	0.941363	0.00274946 	0.942336
473	200   	0.94177 	0.00190956 	0.942394
474	200   	0.941596	0.00240172 	0.942454
475	200   	0.941753	0.00233661 	0.942478
476	200   	0.941563	0.00297842 	0.942504
477	200   	0.941498	0.00290523 	0.942543
478	200   	0.941525	0.00307887 	0.943181
479	200   	0.942704	0.00154317 	0.943189
480	200   	0.942409	0.00250916 	0.943211
481	200   	0.942179	0.00339829 	0.943245
482	200   	0.942589	0.00210838 	0.943265
483	200   	0.942386	0.00317386 	0.943282
484	200   	0.942356	0.00273914 	0.943323
485	200   	0.942298	0.00269261 	0.943338
486	200   	0.941963	0.00388702 	0.943411
487	200   	0.942754	0.00223925 	0.943426
488	200   	0.942562	0.00241537 	0.943437
489	200   	0.942768	0.00246957 	0.943475
490	200   	0.942496	0.00295804 	0.943532
491	200   	0.94244 	0.00337586 	0.943581
492	200   	0.942925	0.00196014 	0.943603
493	200   	0.942909	0.00225287 	0.943642
494	200   	0.942731	0.00278102 	0.943671
495	200   	0.942877	0.00294917 	0.94369 
496	200   	0.942833	0.00269809 	0.943754
497	200   	0.942917	0.0031757  	0.943807
498	200   	0.94278 	0.00334652 	0.943882
499	200   	0.943127	0.00252295 	0.943908
500	200   	0.94281 	0.00308551 	0.943927