Execution of the code with theses parameters
On this image bro 5a.png
generations : 500
generations2 :0
population_size :200
seed : 31
polygons :5
mutation_rate :1
mating_prob : 0.05
mutate_pt :0.8
shuffle :0.05
remove_poly :0.02
add_poly :0.05
change_cr :0.03
add_pt :0.05
independance :False
mutate_pt2 :0.8
shuffle2 :0.05
remove_poly20.02
add_poly2 :0.05
change_cr2 :0.03
add_pt2 :0.05
independance2 :FalseWe got theses results 
gen	nevals	avg     	std        	max     
0  	200   	0.668774	0.0112802  	0.70807 
1  	197   	0.708145	0.00166319 	0.721389
2  	197   	0.721506	0.00127631 	0.734103
3  	197   	0.734349	0.00187515 	0.750601
4  	197   	0.750645	0.000876671	0.75538 
5  	197   	0.755416	0.000430974	0.759018
6  	197   	0.759077	0.000644072	0.764207
7  	197   	0.764129	0.000628014	0.765265
8  	197   	0.765328	0.000606178	0.771024
9  	197   	0.770868	0.000875759	0.773214
10 	197   	0.773074	0.000694066	0.773974
11 	197   	0.773853	0.000782668	0.776708
12 	197   	0.776699	0.000619888	0.780311
13 	197   	0.780258	0.000413068	0.78354 
14 	197   	0.783427	0.000553547	0.785447
15 	197   	0.785304	0.000815719	0.787661
16 	197   	0.787647	0.000490572	0.790573
17 	197   	0.79045 	0.000785963	0.791534
18 	197   	0.791418	0.000533113	0.794034
19 	197   	0.793755	0.00118569 	0.795232
20 	197   	0.795015	0.000958631	0.796212
21 	197   	0.795932	0.00126561 	0.797606
22 	197   	0.797352	0.000915924	0.798168
23 	197   	0.798048	0.000577424	0.799748
24 	197   	0.799634	0.000520549	0.80037 
25 	197   	0.800283	0.000497234	0.801323
26 	197   	0.801092	0.00123991 	0.801679
27 	197   	0.801445	0.00100339 	0.802748
28 	197   	0.802585	0.000791826	0.803305
29 	197   	0.802963	0.00129009 	0.803862
30 	197   	0.803691	0.000664164	0.804254
31 	197   	0.804132	0.000600521	0.805423
32 	197   	0.805206	0.000900349	0.805977
33 	197   	0.80579 	0.000681568	0.806464
34 	197   	0.806276	0.0013036  	0.807868
35 	197   	0.807744	0.000550481	0.808599
36 	197   	0.808428	0.000713535	0.808886
37 	197   	0.808696	0.000723814	0.809129
38 	197   	0.808927	0.00117197 	0.809908
39 	197   	0.809642	0.00113318 	0.810337
40 	197   	0.81015 	0.000787652	0.811885
41 	197   	0.811612	0.00114237 	0.812395
42 	197   	0.812108	0.0012973  	0.812914
43 	197   	0.812834	0.000481582	0.81467 
44 	197   	0.814328	0.00126866 	0.815922
45 	197   	0.815759	0.00080999 	0.817201
46 	197   	0.816864	0.00130066 	0.817388
47 	197   	0.817239	0.000559896	0.818474
48 	197   	0.818299	0.00062528 	0.81916 
49 	197   	0.818931	0.000836192	0.820035
50 	197   	0.819856	0.000891328	0.820344
51 	197   	0.820156	0.00100487 	0.821518
52 	197   	0.821302	0.00118014 	0.82196 
53 	197   	0.821797	0.00062589 	0.822164
54 	197   	0.821912	0.00113789 	0.822535
55 	197   	0.822384	0.000671552	0.823389
56 	197   	0.823174	0.000864984	0.82433 
57 	197   	0.824163	0.00080785 	0.824675
58 	197   	0.82442 	0.001149   	0.825273
59 	197   	0.825062	0.000883916	0.825684
60 	197   	0.825533	0.000683734	0.826352
61 	197   	0.826124	0.00104584 	0.826894
62 	197   	0.82665 	0.000976459	0.827415
63 	197   	0.827134	0.00137422 	0.831697
64 	197   	0.831522	0.000744631	0.833491
65 	197   	0.833283	0.00075165 	0.834906
66 	197   	0.83475 	0.000707972	0.836383
67 	197   	0.836027	0.00154386 	0.83739 
68 	197   	0.837236	0.00076102 	0.838323
69 	197   	0.838035	0.00135571 	0.841498
70 	197   	0.841385	0.000539816	0.842189
71 	197   	0.841815	0.00146433 	0.842454
72 	197   	0.842335	0.000549415	0.842998
73 	197   	0.84278 	0.00103994 	0.843338
74 	197   	0.843065	0.00119708 	0.843806
75 	197   	0.843629	0.000889183	0.844322
76 	197   	0.844243	0.000542087	0.845089
77 	197   	0.844919	0.000636532	0.845335
78 	197   	0.845188	0.00052239 	0.845736
79 	197   	0.845581	0.000628849	0.846262
80 	197   	0.845982	0.00117728 	0.847407
81 	197   	0.847111	0.00155579 	0.847713
82 	197   	0.847559	0.000590192	0.848185
83 	197   	0.848028	0.00107544 	0.848981
84 	197   	0.84864 	0.00142136 	0.849115
85 	197   	0.848807	0.00122962 	0.850291
86 	197   	0.849943	0.00140804 	0.850669
87 	197   	0.850487	0.000793299	0.851632
88 	197   	0.851279	0.00145916 	0.851983
89 	197   	0.851836	0.000809894	0.852365
90 	197   	0.852088	0.0014496  	0.853001
91 	197   	0.852683	0.00134149 	0.85389 
92 	197   	0.85363 	0.000862491	0.854424
93 	197   	0.854   	0.00165113 	0.855467
94 	197   	0.855303	0.000966906	0.856852
95 	197   	0.856607	0.00127289 	0.85733 
96 	197   	0.857058	0.000906297	0.857751
97 	197   	0.857503	0.00103902 	0.858056
98 	197   	0.857711	0.00134863 	0.85856 
99 	197   	0.858435	0.000518984	0.858957
100	197   	0.858732	0.00103672 	0.859161
101	197   	0.858871	0.0012301  	0.859366
102	197   	0.859102	0.000943214	0.860128
103	197   	0.859915	0.000949632	0.860533
104	197   	0.860265	0.00139821 	0.860882
105	197   	0.860727	0.000567924	0.861153
106	197   	0.860857	0.00133565 	0.861521
107	197   	0.86132 	0.00108132 	0.86183 
108	197   	0.861512	0.00161126 	0.862164
109	197   	0.861923	0.00111245 	0.862798
110	197   	0.862678	0.000446941	0.863225
111	197   	0.862887	0.00149495 	0.864115
112	197   	0.863619	0.00182841 	0.8644  
113	197   	0.864145	0.00124469 	0.865196
114	197   	0.864703	0.00197507 	0.865431
115	197   	0.865133	0.00147167 	0.86584 
116	197   	0.865414	0.0014989  	0.866488
117	197   	0.866007	0.0025811  	0.866925
118	197   	0.866363	0.0020794  	0.867762
119	197   	0.867545	0.00100322 	0.868979
120	197   	0.868699	0.000870488	0.869545
121	197   	0.869167	0.0013804  	0.870067
122	197   	0.869756	0.00128829 	0.870296
123	197   	0.870103	0.00120089 	0.870491
124	197   	0.870326	0.00067266 	0.870847
125	197   	0.870511	0.00115803 	0.871384
126	197   	0.871079	0.00129432 	0.872679
127	197   	0.872104	0.00192364 	0.872969
128	197   	0.872659	0.00161396 	0.874349
129	197   	0.874018	0.00144632 	0.874608
130	197   	0.874338	0.00124438 	0.876471
131	197   	0.876032	0.0015022  	0.876671
132	197   	0.876034	0.00214245 	0.876803
133	197   	0.876496	0.00185073 	0.876948
134	197   	0.876553	0.00172756 	0.877201
135	197   	0.877003	0.000744755	0.87758 
136	197   	0.877299	0.00114981 	0.877752
137	197   	0.877612	0.000595094	0.878022
138	197   	0.877748	0.00108131 	0.878337
139	197   	0.878007	0.00126591 	0.878449
140	197   	0.878145	0.00146125 	0.878797
141	197   	0.878451	0.00130013 	0.87899 
142	197   	0.878678	0.00144615 	0.879083
143	197   	0.878773	0.00137891 	0.879311
144	197   	0.879089	0.000852146	0.879488
145	197   	0.879175	0.00108215 	0.879718
146	197   	0.879368	0.00122217 	0.879821
147	197   	0.879632	0.000927289	0.880124
148	197   	0.879825	0.00130608 	0.880496
149	197   	0.880116	0.00150005 	0.880901
150	197   	0.880525	0.00161649 	0.88132 
151	197   	0.881128	0.000844086	0.881505
152	197   	0.881314	0.000868177	0.881631
153	197   	0.881355	0.00113729 	0.882662
154	197   	0.882317	0.0014482  	0.882906
155	197   	0.882421	0.00171098 	0.883057
156	197   	0.882852	0.000865349	0.88321 
157	197   	0.882794	0.00162036 	0.883882
158	197   	0.883512	0.00152401 	0.884052
159	197   	0.883616	0.00178318 	0.884221
160	197   	0.883935	0.00122137 	0.885958
161	197   	0.885732	0.00125998 	0.886277
162	197   	0.886021	0.00122053 	0.886578
163	197   	0.886325	0.00102506 	0.88665 
164	197   	0.886262	0.0018475  	0.886901
165	197   	0.886713	0.000783041	0.887124
166	197   	0.886894	0.00079766 	0.887364
167	197   	0.887133	0.000941098	0.887565
168	197   	0.887234	0.00134189 	0.887727
169	197   	0.887449	0.000848738	0.887995
170	197   	0.88778 	0.000887238	0.888145
171	197   	0.887877	0.00124402 	0.888665
172	197   	0.888296	0.00146586 	0.889673
173	197   	0.889434	0.000916967	0.889815
174	197   	0.889388	0.0017819  	0.889994
175	197   	0.889685	0.00100854 	0.890131
176	197   	0.889798	0.00162204 	0.890448
177	197   	0.890205	0.00118213 	0.89063 
178	197   	0.890281	0.00119502 	0.890768
179	197   	0.890385	0.00140263 	0.891076
180	197   	0.890844	0.000687479	0.891206
181	197   	0.890687	0.00213143 	0.891484
182	197   	0.891218	0.00103785 	0.891895
183	197   	0.891665	0.00076468 	0.892014
184	197   	0.891684	0.0014958  	0.892592
185	197   	0.892302	0.00149443 	0.892735
186	197   	0.892527	0.00114491 	0.894275
187	197   	0.893947	0.00150963 	0.894351
188	197   	0.894046	0.00129183 	0.894753
189	197   	0.894304	0.0016638  	0.894951
190	197   	0.894614	0.00155153 	0.895158
191	197   	0.894955	0.000796025	0.895405
192	197   	0.895191	0.000818583	0.895506
193	197   	0.895293	0.000771012	0.89573 
194	197   	0.895567	0.000756952	0.896371
195	197   	0.896188	0.000991711	0.896755
196	197   	0.896467	0.00106721 	0.896989
197	197   	0.89671 	0.00109903 	0.897667
198	197   	0.897304	0.00158139 	0.89782 
199	197   	0.897279	0.0018879  	0.897952
200	197   	0.897372	0.00231215 	0.898084
201	197   	0.897768	0.00147884 	0.898629
202	197   	0.898086	0.00191176 	0.898878
203	197   	0.898548	0.00125619 	0.899024
204	197   	0.898709	0.00169908 	0.899434
205	197   	0.899099	0.00153081 	0.899799
206	197   	0.899393	0.00196838 	0.899956
207	197   	0.899448	0.00188311 	0.900282
208	197   	0.899915	0.00139361 	0.900658
209	197   	0.9001  	0.00216422 	0.900801
210	197   	0.900688	0.000442814	0.901061
211	197   	0.900838	0.000908331	0.901288
212	197   	0.901051	0.000977495	0.901449
213	197   	0.901123	0.00165896 	0.901678
214	197   	0.901377	0.00147273 	0.902287
215	197   	0.901997	0.00115367 	0.902547
216	197   	0.902209	0.00149349 	0.902767
217	197   	0.902466	0.00108073 	0.902861
218	197   	0.902396	0.00197059 	0.903244
219	197   	0.902914	0.00159609 	0.903447
220	197   	0.902995	0.00159775 	0.903616
221	197   	0.903262	0.00155896 	0.903796
222	197   	0.903487	0.00132244 	0.904028
223	197   	0.903819	0.00115389 	0.904323
224	197   	0.903909	0.00187117 	0.904472
225	197   	0.904032	0.00180404 	0.904619
226	197   	0.904296	0.00124739 	0.904955
227	197   	0.904526	0.00159017 	0.905356
228	197   	0.905019	0.00154908 	0.905466
229	197   	0.905143	0.00116984 	0.90559 
230	197   	0.905264	0.00111461 	0.905686
231	197   	0.905447	0.000813031	0.90589 
232	197   	0.905484	0.00165086 	0.906075
233	197   	0.905836	0.000907742	0.906307
234	197   	0.905985	0.00128432 	0.90648 
235	197   	0.906092	0.00137676 	0.906577
236	197   	0.906254	0.00138784 	0.906658
237	197   	0.906484	0.000866898	0.906927
238	197   	0.906655	0.00140948 	0.907026
239	197   	0.906791	0.00093713 	0.907693
240	197   	0.907565	0.000638184	0.907791
241	197   	0.907502	0.00140508 	0.907947
242	197   	0.907738	0.00125946 	0.908566
243	197   	0.908174	0.00143189 	0.908686
244	197   	0.908355	0.00170365 	0.908961
245	197   	0.908671	0.000931859	0.909177
246	197   	0.908924	0.00115097 	0.909316
247	197   	0.908671	0.00226109 	0.909851
248	197   	0.909525	0.00119074 	0.910812
249	197   	0.910464	0.001309   	0.910895
250	197   	0.910582	0.00107772 	0.911002
251	197   	0.910595	0.00155086 	0.911175
252	197   	0.910957	0.00108186 	0.911325
253	197   	0.910938	0.00168235 	0.911599
254	197   	0.911186	0.00185009 	0.911753
255	197   	0.911398	0.00123191 	0.911935
256	197   	0.91154 	0.00154502 	0.912033
257	197   	0.911725	0.00131159 	0.912172
258	197   	0.911876	0.00110911 	0.912346
259	197   	0.912019	0.00128056 	0.912521
260	197   	0.912072	0.00164694 	0.912581
261	197   	0.912264	0.00138862 	0.912733
262	197   	0.91227 	0.00195256 	0.912869
263	197   	0.912614	0.00122044 	0.913199
264	197   	0.912636	0.0019341  	0.913273
265	197   	0.912929	0.00161652 	0.913353
266	197   	0.913008	0.00129262 	0.913517
267	197   	0.912978	0.00196331 	0.913806
268	197   	0.913617	0.000645933	0.914109
269	197   	0.913705	0.00192201 	0.914252
270	197   	0.9138  	0.00200752 	0.914639
271	197   	0.914315	0.00160135 	0.91467 
272	197   	0.914147	0.00228254 	0.914778
273	197   	0.914553	0.00127724 	0.914891
274	197   	0.914376	0.00219132 	0.914992
275	197   	0.914638	0.00139985 	0.91502 
276	197   	0.914472	0.00183424 	0.91517 
277	197   	0.914847	0.0013918  	0.915513
278	197   	0.915295	0.00107609 	0.915618
279	197   	0.915475	0.000718418	0.915715
280	197   	0.915396	0.00125093 	0.915821
281	197   	0.915356	0.0025952  	0.915888
282	197   	0.915609	0.00160866 	0.916051
283	197   	0.915723	0.00132911 	0.916101
284	197   	0.91569 	0.00168791 	0.916197
285	197   	0.915847	0.00141275 	0.916287
286	197   	0.915985	0.00128762 	0.916644
287	197   	0.916477	0.000873772	0.916751
288	197   	0.916542	0.00107624 	0.916874
289	197   	0.916536	0.00157768 	0.916954
290	197   	0.916696	0.00119859 	0.917131
291	197   	0.916748	0.00129694 	0.917262
292	197   	0.917096	0.000581876	0.917308
293	197   	0.917027	0.00127458 	0.917415
294	197   	0.917151	0.00110873 	0.917957
295	197   	0.917504	0.00207871 	0.918073
296	197   	0.917758	0.00157439 	0.918525
297	197   	0.918162	0.00136686 	0.918785
298	197   	0.918287	0.00160158 	0.918886
299	197   	0.918473	0.00203923 	0.918959
300	197   	0.918599	0.00173401 	0.919   
301	197   	0.918764	0.000763584	0.919095
302	197   	0.918498	0.00270055 	0.919843
303	197   	0.919344	0.00219783 	0.919936
304	197   	0.919673	0.00107081 	0.920029
305	197   	0.919586	0.00188335 	0.920068
306	197   	0.9199  	0.000637704	0.920404
307	197   	0.919957	0.00201396 	0.92045 
308	197   	0.92018 	0.000993703	0.920623
309	197   	0.920323	0.00104696 	0.92071 
310	197   	0.92049 	0.000831825	0.920757
311	197   	0.920402	0.00138058 	0.920873
312	197   	0.92057 	0.00166599 	0.920989
313	197   	0.920733	0.000986982	0.921055
314	197   	0.920745	0.00127918 	0.921151
315	197   	0.920656	0.00187488 	0.9212  
316	197   	0.920936	0.00113952 	0.921319
317	197   	0.921024	0.00128592 	0.921393
318	197   	0.921121	0.00106892 	0.921436
319	197   	0.92101 	0.00166735 	0.921826
320	197   	0.92137 	0.00181623 	0.922049
321	197   	0.921651	0.00204443 	0.922246
322	197   	0.921686	0.00188409 	0.922679
323	197   	0.922285	0.00135024 	0.922737
324	197   	0.922608	0.000626364	0.922818
325	197   	0.922195	0.00232687 	0.922951
326	197   	0.92267 	0.000911021	0.923025
327	197   	0.922684	0.00150998 	0.923069
328	197   	0.922657	0.00176569 	0.923204
329	197   	0.922963	0.00125331 	0.923268
330	197   	0.922832	0.00192601 	0.923371
331	197   	0.922871	0.0019106  	0.923444
332	197   	0.923156	0.00110558 	0.923584
333	197   	0.923125	0.00205627 	0.923629
334	197   	0.923327	0.00108364 	0.923916
335	197   	0.923605	0.0013837  	0.923992
336	197   	0.923483	0.00202124 	0.924559
337	197   	0.924353	0.000979774	0.924624
338	197   	0.92433 	0.00101601 	0.924701
339	197   	0.924219	0.00168676 	0.924849
340	197   	0.924545	0.00138665 	0.924957
341	197   	0.924399	0.00246556 	0.924997
342	197   	0.924589	0.00155556 	0.925092
343	197   	0.924745	0.00176781 	0.925264
344	197   	0.925027	0.00104604 	0.925322
345	197   	0.924854	0.00212014 	0.925538
346	197   	0.925131	0.00126651 	0.925709
347	197   	0.925279	0.00140357 	0.925765
348	197   	0.925571	0.00108238 	0.925839
349	197   	0.925589	0.00102117 	0.925895
350	197   	0.9254  	0.00182242 	0.92595 
351	197   	0.925663	0.0012238  	0.926036
352	197   	0.925788	0.00111558 	0.926089
353	197   	0.925724	0.0015036  	0.926313
354	197   	0.925805	0.00196777 	0.926458
355	197   	0.926044	0.00129438 	0.9265  
356	197   	0.926044	0.00155853 	0.926583
357	197   	0.926225	0.00144222 	0.92665 
358	197   	0.926352	0.001444   	0.926702
359	197   	0.926161	0.00217427 	0.926803
360	197   	0.9265  	0.00118825 	0.926845
361	197   	0.926388	0.00216225 	0.926921
362	197   	0.926421	0.00227826 	0.926997
363	197   	0.926536	0.00154938 	0.927077
364	197   	0.926791	0.00103366 	0.927117
365	197   	0.926626	0.00185219 	0.927314
366	197   	0.926783	0.00240433 	0.927422
367	197   	0.927237	0.000954688	0.927533
368	197   	0.927171	0.0015227  	0.927582
369	197   	0.927228	0.00156527 	0.927661
370	197   	0.927319	0.00186544 	0.927719
371	197   	0.927365	0.00146737 	0.927751
372	197   	0.927473	0.0011386  	0.927787
373	197   	0.927414	0.001746   	0.927986
374	197   	0.927647	0.00120648 	0.928056
375	197   	0.927645	0.00163259 	0.928139
376	197   	0.927616	0.00190351 	0.928295
377	197   	0.927979	0.00121582 	0.928372
378	197   	0.928006	0.00133388 	0.928469
379	197   	0.928048	0.00143017 	0.928536
380	197   	0.928307	0.000911666	0.928589
381	197   	0.928265	0.00141871 	0.928682
382	197   	0.928375	0.00105701 	0.928735
383	197   	0.92842 	0.00110981 	0.928802
384	197   	0.928305	0.00216197 	0.928895
385	197   	0.928481	0.00134024 	0.928922
386	197   	0.928491	0.00176516 	0.928961
387	197   	0.928718	0.000882946	0.929065
388	197   	0.928723	0.00129796 	0.929117
389	197   	0.928889	0.00103012 	0.929167
390	197   	0.928668	0.001682   	0.929234
391	197   	0.928816	0.00199287 	0.929279
392	197   	0.9289  	0.0019152  	0.929312
393	197   	0.92903 	0.00108999 	0.929328
394	197   	0.929168	0.000653576	0.929403
395	197   	0.929195	0.00100063 	0.929565
396	197   	0.929078	0.00197912 	0.929635
397	197   	0.929312	0.00169235 	0.929689
398	197   	0.92916 	0.00175796 	0.929761
399	197   	0.929364	0.00131435 	0.929819
400	197   	0.929389	0.0016909  	0.929869
401	197   	0.929562	0.00133958 	0.929912
402	197   	0.929778	0.000498236	0.929945
403	197   	0.929797	0.000693323	0.930003
404	197   	0.929617	0.00158468 	0.930072
405	197   	0.929594	0.00190992 	0.930206
406	197   	0.929825	0.00163428 	0.93024 
407	197   	0.929935	0.0012238  	0.930301
408	197   	0.929792	0.00160154 	0.930379
409	197   	0.930069	0.00132903 	0.930432
410	197   	0.929925	0.00210088 	0.930479
411	197   	0.930028	0.00152868 	0.930512
412	197   	0.930234	0.00104833 	0.930534
413	197   	0.930122	0.00192983 	0.930594
414	197   	0.930227	0.00165149 	0.930671
415	197   	0.930302	0.00174624 	0.93073 
416	197   	0.930446	0.00127438 	0.93101 
417	197   	0.930578	0.00161037 	0.931102
418	197   	0.930786	0.000995865	0.931144
419	197   	0.930612	0.00214721 	0.931288
420	197   	0.930991	0.00100308 	0.931327
421	197   	0.931055	0.00111474 	0.931476
422	197   	0.931107	0.00173149 	0.931531
423	197   	0.931046	0.00202403 	0.931659
424	197   	0.931218	0.00218323 	0.931678
425	197   	0.931016	0.00223127 	0.931712
426	197   	0.931385	0.00124884 	0.931818
427	197   	0.931142	0.00235143 	0.931985
428	197   	0.93133 	0.00236951 	0.932223
429	197   	0.931842	0.00202123 	0.9323  
430	197   	0.931924	0.00134911 	0.932387
431	197   	0.932101	0.00106128 	0.932429
432	197   	0.932022	0.00151458 	0.932463
433	197   	0.932081	0.00192073 	0.932499
434	197   	0.932208	0.00126587 	0.932536
435	197   	0.932251	0.00100845 	0.93258 
436	197   	0.932277	0.00140121 	0.932607
437	197   	0.932023	0.00264186 	0.932674
438	197   	0.932   	0.00251062 	0.932785
439	197   	0.932245	0.00170474 	0.932862
440	197   	0.932387	0.0023448  	0.932917
441	197   	0.932386	0.00170668 	0.933059
442	197   	0.932583	0.0016574  	0.933151
443	197   	0.932712	0.00164541 	0.933218
444	197   	0.932618	0.00235889 	0.933246
445	197   	0.932848	0.00147122 	0.933352
446	197   	0.932985	0.0012757  	0.933387
447	197   	0.932977	0.00183452 	0.933426
448	197   	0.932654	0.00242767 	0.933493
449	197   	0.933046	0.00179781 	0.93354 
450	197   	0.933076	0.00180249 	0.93358 
451	197   	0.933219	0.00104955 	0.933652
452	197   	0.933069	0.00210728 	0.933693
453	197   	0.933208	0.00169457 	0.933719
454	197   	0.933118	0.00245997 	0.933772
455	197   	0.933319	0.00214291 	0.933811
456	197   	0.933638	0.000638341	0.933823
457	197   	0.933407	0.00183701 	0.933861
458	197   	0.93349 	0.00250419 	0.93393 
459	197   	0.933328	0.00196311 	0.934041
460	197   	0.933662	0.00130513 	0.934099
461	197   	0.933732	0.00165632 	0.934123
462	197   	0.933718	0.00168845 	0.934182
463	197   	0.933855	0.00144817 	0.934208
464	197   	0.933881	0.00142672 	0.934436
465	197   	0.933875	0.00211829 	0.934485
466	197   	0.934106	0.00138088 	0.934501
467	197   	0.934009	0.00204566 	0.934545
468	197   	0.933714	0.00294168 	0.934565
469	197   	0.934024	0.00201415 	0.93461 
470	197   	0.934362	0.000899397	0.934643
471	197   	0.934368	0.00139051 	0.934672
472	197   	0.934297	0.00109268 	0.934686
473	197   	0.934082	0.00216217 	0.934754
474	197   	0.93443 	0.00143979 	0.934874
475	197   	0.934568	0.00131268 	0.9349  
476	197   	0.934593	0.00133226 	0.934963
477	197   	0.934603	0.0013405  	0.935033
478	197   	0.934717	0.00110723 	0.935043
479	197   	0.93442 	0.00207467 	0.93507 
480	197   	0.934669	0.00185382 	0.935134
481	197   	0.934568	0.00223131 	0.935161
482	197   	0.934907	0.000809005	0.935255
483	197   	0.934826	0.00201053 	0.935286
484	197   	0.93487 	0.00193041 	0.935421
485	197   	0.935001	0.00209426 	0.935487
486	197   	0.934857	0.0022951  	0.935537
487	197   	0.935175	0.00153249 	0.935584
488	197   	0.935061	0.00208013 	0.935618
489	197   	0.935136	0.0023397  	0.935663
490	197   	0.93535 	0.00139813 	0.935678
491	197   	0.935292	0.00171986 	0.935712
492	197   	0.935151	0.00219429 	0.935835
493	197   	0.935507	0.00103631 	0.935858
494	197   	0.93531 	0.00215437 	0.935908
495	197   	0.935267	0.00263363 	0.935936
496	197   	0.935645	0.00112344 	0.935968
497	197   	0.935634	0.00127922 	0.935975
498	197   	0.935702	0.00108218 	0.936043
499	197   	0.935592	0.0017087  	0.936123
500	197   	0.935965	0.000799415	0.936155