Execution of the code with theses parameters
On this image bro 5b.png
generations : 500
generations2 :0
population_size :200
seed : 69
polygons :5
mutation_rate :1
mating_prob : 0.05
mutate_pt :0.6
shuffle :0.05
remove_poly :0.05
add_poly :0.1
change_cr :0.1
add_pt :0.1
independance :False
mutate_pt2 :0.8
shuffle2 :0.05
remove_poly20.02
add_poly2 :0.05
change_cr2 :0.03
add_pt2 :0.05
independance2 :FalseWe got theses results 
gen	nevals	avg     	std        	max     
0  	200   	0.599956	0.00972765 	0.629969
1  	197   	0.631098	0.00572705 	0.659262
2  	197   	0.660022	0.00323399 	0.68113 
3  	197   	0.681363	0.00158847 	0.692647
4  	197   	0.692808	0.00158986 	0.704288
5  	197   	0.704306	0.00114492 	0.711073
6  	197   	0.711066	0.000847352	0.716113
7  	197   	0.716088	0.00116667 	0.724477
8  	197   	0.72437 	0.00123376 	0.731454
9  	197   	0.731186	0.001211   	0.732958
10 	197   	0.732555	0.00179943 	0.734583
11 	197   	0.734269	0.00166199 	0.737789
12 	197   	0.737638	0.000929818	0.739796
13 	197   	0.739453	0.0011203  	0.741683
14 	197   	0.741396	0.00107632 	0.744213
15 	197   	0.743824	0.00136102 	0.747355
16 	197   	0.74715 	0.000828604	0.7488  
17 	197   	0.748374	0.00166575 	0.74974 
18 	197   	0.749318	0.00152307 	0.752146
19 	197   	0.751478	0.00224726 	0.754799
20 	197   	0.754314	0.00184908 	0.757249
21 	197   	0.756619	0.00182096 	0.760045
22 	197   	0.759597	0.0016048  	0.761916
23 	197   	0.761593	0.0016074  	0.765231
24 	197   	0.764734	0.00235461 	0.76609 
25 	197   	0.765566	0.00200204 	0.768705
26 	197   	0.768158	0.00215934 	0.770721
27 	197   	0.770012	0.00250153 	0.771592
28 	197   	0.771145	0.00140117 	0.772496
29 	197   	0.772043	0.00170741 	0.773124
30 	197   	0.772615	0.00224857 	0.774076
31 	197   	0.77355 	0.00171412 	0.77549 
32 	197   	0.774861	0.00202977 	0.777873
33 	197   	0.777231	0.00219335 	0.780451
34 	197   	0.780108	0.00130552 	0.783504
35 	197   	0.783047	0.00177571 	0.784611
36 	197   	0.784091	0.00225852 	0.788105
37 	197   	0.787456	0.00215608 	0.791033
38 	197   	0.790218	0.00301878 	0.792378
39 	197   	0.791698	0.00266927 	0.794223
40 	197   	0.79376 	0.00167675 	0.794821
41 	197   	0.794195	0.00190988 	0.796218
42 	197   	0.795643	0.00205044 	0.797373
43 	197   	0.796574	0.00252885 	0.797707
44 	197   	0.796738	0.00294449 	0.798666
45 	197   	0.797995	0.00232028 	0.799934
46 	197   	0.799337	0.00211024 	0.800585
47 	197   	0.799801	0.00265502 	0.800823
48 	197   	0.800078	0.00224785 	0.801067
49 	197   	0.800454	0.00208768 	0.802691
50 	197   	0.802017	0.00221234 	0.803267
51 	197   	0.802598	0.00229056 	0.804725
52 	197   	0.803788	0.00302682 	0.805314
53 	197   	0.804406	0.00256861 	0.806033
54 	197   	0.804633	0.00387624 	0.80655 
55 	197   	0.806107	0.00147857 	0.807208
56 	197   	0.806508	0.00226048 	0.807592
57 	197   	0.80672 	0.00327734 	0.808271
58 	197   	0.807654	0.00254889 	0.809027
59 	197   	0.808372	0.00221596 	0.809246
60 	197   	0.808324	0.00307968 	0.809502
61 	197   	0.808855	0.00228149 	0.810319
62 	197   	0.809675	0.00252254 	0.811115
63 	197   	0.809966	0.00303622 	0.811483
64 	197   	0.810925	0.00212551 	0.812604
65 	197   	0.81185 	0.00269119 	0.813435
66 	197   	0.812752	0.0021299  	0.814219
67 	197   	0.813432	0.00282496 	0.814625
68 	197   	0.813967	0.00187732 	0.815905
69 	197   	0.81541 	0.00146806 	0.816951
70 	197   	0.816225	0.00263968 	0.817369
71 	197   	0.816607	0.00266855 	0.818249
72 	197   	0.817699	0.0020206  	0.820106
73 	197   	0.819524	0.00205617 	0.820327
74 	197   	0.819787	0.00163446 	0.821261
75 	197   	0.820411	0.00290832 	0.822987
76 	197   	0.822517	0.00149582 	0.82317 
77 	197   	0.822319	0.00283535 	0.824058
78 	197   	0.823319	0.00248552 	0.825404
79 	197   	0.824638	0.00261786 	0.825931
80 	197   	0.824803	0.00333081 	0.826202
81 	197   	0.82543 	0.00233347 	0.826698
82 	197   	0.82565 	0.00320098 	0.827457
83 	197   	0.826984	0.00173466 	0.828011
84 	197   	0.827306	0.00234959 	0.82867 
85 	197   	0.827891	0.00277641 	0.830011
86 	197   	0.828979	0.00283116 	0.830268
87 	197   	0.829652	0.0022074  	0.831308
88 	197   	0.830607	0.00213691 	0.831693
89 	197   	0.830783	0.00343315 	0.832069
90 	197   	0.831504	0.00257405 	0.832626
91 	197   	0.831641	0.00288348 	0.833151
92 	197   	0.832133	0.00334387 	0.833813
93 	197   	0.832486	0.00368482 	0.834217
94 	197   	0.833391	0.0026626  	0.834435
95 	197   	0.833611	0.00267719 	0.837395
96 	197   	0.836276	0.00306504 	0.837696
97 	197   	0.83702 	0.00237161 	0.837939
98 	197   	0.836765	0.00338851 	0.838452
99 	197   	0.837007	0.00406848 	0.838534
100	197   	0.837674	0.00275459 	0.840816
101	197   	0.839971	0.00292652 	0.841505
102	197   	0.840478	0.00322741 	0.842078
103	197   	0.84136 	0.00264482 	0.842275
104	197   	0.841254	0.00360266 	0.84294 
105	197   	0.841828	0.00350046 	0.84328 
106	197   	0.842493	0.00273716 	0.844401
107	197   	0.843695	0.00220673 	0.844661
108	197   	0.843518	0.00384248 	0.845219
109	197   	0.844651	0.00251926 	0.845497
110	197   	0.844686	0.00300192 	0.84574 
111	197   	0.844658	0.0032664  	0.846623
112	197   	0.845701	0.00277328 	0.846845
113	197   	0.84588 	0.00315514 	0.84733 
114	197   	0.846581	0.0026418  	0.847615
115	197   	0.846839	0.00270914 	0.8497  
116	197   	0.848699	0.00284691 	0.849942
117	197   	0.84837 	0.00439225 	0.850368
118	197   	0.849698	0.00255516 	0.850541
119	197   	0.849527	0.00281333 	0.850623
120	197   	0.849135	0.0042414  	0.850776
121	197   	0.849871	0.00336931 	0.853547
122	197   	0.852842	0.002118   	0.853958
123	197   	0.852647	0.00390443 	0.854453
124	197   	0.853287	0.003795   	0.854667
125	197   	0.853924	0.00245468 	0.854903
126	197   	0.85418 	0.00241181 	0.855671
127	197   	0.854869	0.00276309 	0.856057
128	197   	0.855036	0.00304559 	0.856391
129	197   	0.855794	0.00246184 	0.856794
130	197   	0.855949	0.00262056 	0.857017
131	197   	0.856233	0.00256465 	0.857739
132	197   	0.856781	0.00345905 	0.858598
133	197   	0.857607	0.00317408 	0.858661
134	197   	0.857834	0.00241984 	0.858994
135	197   	0.858047	0.00358845 	0.859521
136	197   	0.858755	0.0022896  	0.859831
137	197   	0.859049	0.00283586 	0.860584
138	197   	0.859665	0.00311367 	0.861077
139	197   	0.860056	0.0030886  	0.861274
140	197   	0.860624	0.00183394 	0.861418
141	197   	0.860708	0.00233529 	0.861744
142	197   	0.860567	0.00297208 	0.861997
143	197   	0.861437	0.00228405 	0.862608
144	197   	0.861222	0.00454643 	0.86383 
145	197   	0.862582	0.00354231 	0.86419 
146	197   	0.863574	0.00246706 	0.864627
147	197   	0.863912	0.00243087 	0.864865
148	197   	0.863572	0.00366173 	0.865007
149	197   	0.863955	0.00303634 	0.866717
150	197   	0.865655	0.00354074 	0.867316
151	197   	0.866113	0.00389049 	0.86757 
152	197   	0.866525	0.00309354 	0.867709
153	197   	0.866616	0.00314893 	0.867931
154	197   	0.866852	0.00359744 	0.868513
155	197   	0.867374	0.00327847 	0.869362
156	197   	0.867983	0.00392785 	0.869753
157	197   	0.868854	0.00340613 	0.870473
158	197   	0.869585	0.00323763 	0.871373
159	197   	0.870491	0.00357612 	0.871885
160	197   	0.871045	0.00279562 	0.872336
161	197   	0.871707	0.00178718 	0.873164
162	197   	0.871975	0.00371209 	0.87326 
163	197   	0.872454	0.00286543 	0.873386
164	197   	0.872151	0.00366894 	0.87375 
165	197   	0.872703	0.00347857 	0.874027
166	197   	0.873335	0.00249595 	0.874537
167	197   	0.873987	0.00196177 	0.874988
168	197   	0.874311	0.00260061 	0.87577 
169	197   	0.874608	0.00359989 	0.87598 
170	197   	0.874855	0.00359032 	0.876923
171	197   	0.875818	0.00386877 	0.877651
172	197   	0.877154	0.00217354 	0.878008
173	197   	0.877302	0.00259377 	0.878155
174	197   	0.877008	0.00350303 	0.878226
175	197   	0.877083	0.00353825 	0.878629
176	197   	0.877645	0.00342372 	0.878773
177	197   	0.877959	0.00230329 	0.878904
178	197   	0.877891	0.00363616 	0.87928 
179	197   	0.878366	0.00252091 	0.879519
180	197   	0.878573	0.0032328  	0.880465
181	197   	0.879367	0.00310931 	0.880643
182	197   	0.879718	0.00320869 	0.880911
183	197   	0.880045	0.00336937 	0.881239
184	197   	0.880529	0.00285809 	0.882191
185	197   	0.881598	0.00232729 	0.88278 
186	197   	0.881167	0.00465457 	0.882905
187	197   	0.882252	0.00223243 	0.883   
188	197   	0.88245 	0.00184435 	0.883217
189	197   	0.882652	0.00232506 	0.883357
190	197   	0.882709	0.00233236 	0.884027
191	197   	0.882784	0.00376714 	0.884304
192	197   	0.883151	0.00373732 	0.884545
193	197   	0.883166	0.00464827 	0.884616
194	197   	0.883633	0.00349612 	0.884715
195	197   	0.883998	0.00211811 	0.884806
196	197   	0.883814	0.0032131  	0.884955
197	197   	0.884229	0.00225246 	0.885606
198	197   	0.884628	0.00313731 	0.885818
199	197   	0.885043	0.00325756 	0.886044
200	197   	0.885331	0.00270561 	0.886517
201	197   	0.885888	0.00189618 	0.886737
202	197   	0.886094	0.0019469  	0.886813
203	197   	0.886065	0.00302926 	0.886981
204	197   	0.886163	0.00249049 	0.88709 
205	197   	0.886071	0.0036588  	0.887282
206	197   	0.886308	0.00379388 	0.887477
207	197   	0.886117	0.00448074 	0.887706
208	197   	0.886657	0.00327642 	0.887843
209	197   	0.887022	0.00286021 	0.887918
210	197   	0.887177	0.00267558 	0.888672
211	197   	0.887567	0.00350167 	0.888752
212	197   	0.887999	0.00247002 	0.888931
213	197   	0.887966	0.00294907 	0.889222
214	197   	0.888069	0.0033395  	0.889752
215	197   	0.889181	0.00238584 	0.889948
216	197   	0.889211	0.00290465 	0.89074 
217	197   	0.889757	0.00359761 	0.890972
218	197   	0.890123	0.00278742 	0.891468
219	197   	0.890624	0.00274611 	0.892013
220	197   	0.891029	0.00313347 	0.892193
221	197   	0.891064	0.00324433 	0.892566
222	197   	0.891684	0.00308552 	0.893039
223	197   	0.892062	0.003618   	0.894269
224	197   	0.893324	0.00353213 	0.894592
225	197   	0.893671	0.00325738 	0.894743
226	197   	0.893467	0.00343536 	0.896232
227	197   	0.895379	0.00311072 	0.89636 
228	197   	0.895122	0.00405243 	0.896426
229	197   	0.895805	0.00242535 	0.896735
230	197   	0.895525	0.00403737 	0.896861
231	197   	0.896332	0.00179922 	0.897668
232	197   	0.896628	0.00313486 	0.89819 
233	197   	0.897199	0.00352585 	0.898307
234	197   	0.897278	0.00367061 	0.898604
235	197   	0.897667	0.0030627  	0.898764
236	197   	0.897721	0.00312882 	0.898973
237	197   	0.897734	0.00438855 	0.899185
238	197   	0.898209	0.00324042 	0.89941 
239	197   	0.898424	0.00353862 	0.899694
240	197   	0.898871	0.00321802 	0.900653
241	197   	0.899584	0.0034415  	0.900808
242	197   	0.899589	0.00385206 	0.900923
243	197   	0.899774	0.00337129 	0.901162
244	197   	0.899606	0.00393639 	0.901445
245	197   	0.899832	0.00474745 	0.901518
246	197   	0.899882	0.0051324  	0.901613
247	197   	0.900478	0.00396418 	0.901719
248	197   	0.900975	0.00253524 	0.901869
249	197   	0.90098 	0.00267165 	0.902405
250	197   	0.900921	0.00430314 	0.902723
251	197   	0.901381	0.00414527 	0.902768
252	197   	0.901761	0.0032455  	0.902941
253	197   	0.901623	0.0043274  	0.903196
254	197   	0.902497	0.00230596 	0.903292
255	197   	0.902146	0.00344335 	0.903373
256	197   	0.9019  	0.00409317 	0.903467
257	197   	0.902164	0.00410859 	0.904371
258	197   	0.902965	0.00402102 	0.904526
259	197   	0.903534	0.0029107  	0.904607
260	197   	0.903784	0.00316276 	0.90472 
261	197   	0.902975	0.0053947  	0.904866
262	197   	0.903961	0.00337223 	0.905061
263	197   	0.904171	0.00377042 	0.905088
264	197   	0.904157	0.00376458 	0.905344
265	197   	0.904084	0.00391354 	0.905595
266	197   	0.904636	0.00355663 	0.905744
267	197   	0.905154	0.00195687 	0.905855
268	197   	0.904836	0.00366457 	0.906042
269	197   	0.905299	0.00231837 	0.906172
270	197   	0.904753	0.0043046  	0.906359
271	197   	0.905447	0.00280099 	0.906526
272	197   	0.905947	0.00207594 	0.906744
273	197   	0.906103	0.00215339 	0.906823
274	197   	0.905871	0.00338856 	0.907279
275	197   	0.906061	0.00401951 	0.907631
276	197   	0.906373	0.00386838 	0.907765
277	197   	0.906528	0.00464771 	0.907873
278	197   	0.906766	0.0032579  	0.908211
279	197   	0.907302	0.00304986 	0.908323
280	197   	0.907129	0.00413958 	0.908379
281	197   	0.907518	0.00250794 	0.908451
282	197   	0.907529	0.00299161 	0.908627
283	197   	0.90784 	0.00239534 	0.909077
284	197   	0.907324	0.00471553 	0.909189
285	197   	0.908012	0.00341193 	0.909316
286	197   	0.908129	0.00375961 	0.90966 
287	197   	0.908496	0.00326238 	0.909727
288	197   	0.908865	0.00290543 	0.909766
289	197   	0.9084  	0.00502059 	0.91035 
290	197   	0.909272	0.00388035 	0.910377
291	197   	0.909179	0.00392794 	0.91042 
292	197   	0.909031	0.00439553 	0.910468
293	197   	0.909307	0.00361241 	0.910589
294	197   	0.909777	0.0025608  	0.910683
295	197   	0.909354	0.00419704 	0.910814
296	197   	0.90968 	0.00397077 	0.911009
297	197   	0.910137	0.00276457 	0.911157
298	197   	0.91003 	0.00441254 	0.911231
299	197   	0.910728	0.00174865 	0.911356
300	197   	0.910149	0.00379397 	0.911662
301	197   	0.910513	0.00408672 	0.911888
302	197   	0.910415	0.00453071 	0.912008
303	197   	0.910638	0.00424221 	0.91213 
304	197   	0.910909	0.00375958 	0.912357
305	197   	0.910493	0.00519648 	0.912409
306	197   	0.91148 	0.00365914 	0.912873
307	197   	0.911817	0.0039329  	0.913054
308	197   	0.911929	0.00351887 	0.913096
309	197   	0.912068	0.00336897 	0.913201
310	197   	0.912066	0.00431823 	0.913267
311	197   	0.912051	0.00409831 	0.91335 
312	197   	0.91267 	0.00234742 	0.913495
313	197   	0.912463	0.00312784 	0.913593
314	197   	0.912315	0.00451155 	0.913692
315	197   	0.912353	0.00420764 	0.913831
316	197   	0.912453	0.00425758 	0.91392 
317	197   	0.91265 	0.00458997 	0.914032
318	197   	0.91278 	0.00462532 	0.914142
319	197   	0.912648	0.00424606 	0.914248
320	197   	0.912696	0.00475623 	0.914364
321	197   	0.913586	0.00262784 	0.914492
322	197   	0.913858	0.00198732 	0.914974
323	197   	0.913749	0.00394191 	0.915064
324	197   	0.91438 	0.00247547 	0.915168
325	197   	0.914261	0.00322043 	0.915228
326	197   	0.914096	0.00424052 	0.915269
327	197   	0.913795	0.00446031 	0.915349
328	197   	0.914346	0.00381657 	0.915575
329	197   	0.915012	0.00226782 	0.915788
330	197   	0.914431	0.00417519 	0.91629 
331	197   	0.914755	0.00453829 	0.916394
332	197   	0.915523	0.00262957 	0.916479
333	197   	0.915403	0.00347232 	0.916557
334	197   	0.915769	0.00237993 	0.916732
335	197   	0.915581	0.00394708 	0.917005
336	197   	0.916029	0.00324889 	0.917176
337	197   	0.915899	0.00410809 	0.917279
338	197   	0.916304	0.00311389 	0.917747
339	197   	0.915903	0.00481204 	0.917926
340	197   	0.916605	0.00331014 	0.917963
341	197   	0.916489	0.00493816 	0.918071
342	197   	0.916522	0.00457198 	0.91816 
343	197   	0.916987	0.00392071 	0.918263
344	197   	0.91739 	0.00228811 	0.918361
345	197   	0.916656	0.00496718 	0.918415
346	197   	0.917105	0.00385619 	0.918504
347	197   	0.917348	0.00385572 	0.918599
348	197   	0.917373	0.0041523  	0.91868 
349	197   	0.917197	0.00450987 	0.918827
350	197   	0.917582	0.00443047 	0.918946
351	197   	0.918009	0.00367482 	0.919022
352	197   	0.917711	0.00461356 	0.919187
353	197   	0.917764	0.00479359 	0.919363
354	197   	0.918173	0.00395774 	0.919411
355	197   	0.918616	0.00257112 	0.919618
356	197   	0.918682	0.00286731 	0.919699
357	197   	0.918736	0.00323781 	0.919891
358	197   	0.91854 	0.00510776 	0.919962
359	197   	0.919   	0.00256714 	0.920164
360	197   	0.9186  	0.00462645 	0.920293
361	197   	0.918947	0.00429916 	0.920444
362	197   	0.919392	0.00321352 	0.920496
363	197   	0.919657	0.00298471 	0.920604
364	197   	0.919141	0.004271   	0.920659
365	197   	0.919509	0.00330925 	0.920702
366	197   	0.919407	0.00438956 	0.920739
367	197   	0.919112	0.00440106 	0.92083 
368	197   	0.919583	0.00389467 	0.921037
369	197   	0.920321	0.00209746 	0.92109 
370	197   	0.919738	0.00470621 	0.921205
371	197   	0.91961 	0.00449227 	0.921268
372	197   	0.92027 	0.00333101 	0.921406
373	197   	0.920167	0.0036792  	0.921508
374	197   	0.920233	0.00436822 	0.921543
375	197   	0.920406	0.00372502 	0.921818
376	197   	0.919766	0.00599313 	0.921856
377	197   	0.920757	0.00319641 	0.921952
378	197   	0.920876	0.00350785 	0.922012
379	197   	0.92046 	0.00475379 	0.922099
380	197   	0.921229	0.00274791 	0.922188
381	197   	0.920859	0.00418265 	0.922235
382	197   	0.920782	0.00419013 	0.922411
383	197   	0.921567	0.00262184 	0.922453
384	197   	0.921319	0.00391828 	0.922534
385	197   	0.921696	0.00269667 	0.922695
386	197   	0.921572	0.00348657 	0.922745
387	197   	0.92173 	0.00388219 	0.923121
388	197   	0.921681	0.0044294  	0.923151
389	197   	0.922416	0.00268409 	0.923204
390	197   	0.921927	0.00455681 	0.92324 
391	197   	0.922191	0.00322946 	0.923265
392	197   	0.922181	0.00341543 	0.923391
393	197   	0.921586	0.00488517 	0.923467
394	197   	0.92269 	0.00288723 	0.92356 
395	197   	0.922588	0.00288619 	0.923623
396	197   	0.922097	0.004644   	0.923679
397	197   	0.922732	0.00297943 	0.923748
398	197   	0.922538	0.00386352 	0.923865
399	197   	0.92298 	0.00276974 	0.923908
400	197   	0.922695	0.00391205 	0.923978
401	197   	0.922851	0.0040774  	0.924049
402	197   	0.922619	0.004304   	0.924205
403	197   	0.923057	0.00414617 	0.924241
404	197   	0.923322	0.0033537  	0.924343
405	197   	0.922776	0.00460222 	0.924392
406	197   	0.923339	0.00331354 	0.924544
407	197   	0.923225	0.0043065  	0.924621
408	197   	0.923729	0.0026168  	0.924671
409	197   	0.924074	0.00199496 	0.924997
410	197   	0.923791	0.00388678 	0.92508 
411	197   	0.924125	0.00396572 	0.925208
412	197   	0.924201	0.00276948 	0.925236
413	197   	0.923885	0.00373721 	0.925336
414	197   	0.924061	0.0034448  	0.925395
415	197   	0.924365	0.00289684 	0.925536
416	197   	0.924525	0.00427308 	0.925607
417	197   	0.924134	0.00472688 	0.925636
418	197   	0.924481	0.00349922 	0.9257  
419	197   	0.924519	0.00343777 	0.925767
420	197   	0.924608	0.00354306 	0.925796
421	197   	0.925051	0.00350284 	0.92582 
422	197   	0.92462 	0.00413289 	0.925894
423	197   	0.9244  	0.00400746 	0.926086
424	197   	0.92487 	0.00392985 	0.926115
425	197   	0.924969	0.00322839 	0.926268
426	197   	0.92471 	0.00434714 	0.926329
427	197   	0.925245	0.00349487 	0.926374
428	197   	0.925196	0.0036596  	0.926411
429	197   	0.925333	0.00350298 	0.926564
430	197   	0.925672	0.00309151 	0.92659 
431	197   	0.925127	0.00427952 	0.926628
432	197   	0.925453	0.00391517 	0.926669
433	197   	0.925691	0.00342556 	0.92674 
434	197   	0.925732	0.00334002 	0.927062
435	197   	0.925753	0.00364144 	0.927093
436	197   	0.925512	0.00495875 	0.927143
437	197   	0.925835	0.00396615 	0.927217
438	197   	0.925393	0.00524653 	0.92724 
439	197   	0.925654	0.00506042 	0.927308
440	197   	0.925714	0.00424273 	0.927349
441	197   	0.926202	0.00366188 	0.927405
442	197   	0.92619 	0.00401267 	0.927466
443	197   	0.926273	0.00448183 	0.927569
444	197   	0.926575	0.00372424 	0.927619
445	197   	0.926405	0.00364556 	0.927706
446	197   	0.926427	0.00327    	0.927765
447	197   	0.926852	0.00345864 	0.92784 
448	197   	0.926956	0.00291543 	0.927905
449	197   	0.926582	0.00459918 	0.927964
450	197   	0.926587	0.0038253  	0.928152
451	197   	0.927141	0.00351369 	0.928258
452	197   	0.927142	0.00395992 	0.928307
453	197   	0.927243	0.0037029  	0.928346
454	197   	0.927324	0.00348135 	0.92839 
455	197   	0.927322	0.0034894  	0.928597
456	197   	0.927464	0.0041109  	0.928704
457	197   	0.927301	0.00475736 	0.929004
458	197   	0.927468	0.00496766 	0.929062
459	197   	0.928029	0.00318276 	0.929197
460	197   	0.9285  	0.00247809 	0.929234
461	197   	0.927641	0.00500301 	0.929251
462	197   	0.928225	0.00363698 	0.929295
463	197   	0.927444	0.00558015 	0.929352
464	197   	0.928577	0.00264632 	0.929396
465	197   	0.928232	0.0039794  	0.929435
466	197   	0.928357	0.00306976 	0.929504
467	197   	0.928727	0.00287565 	0.929535
468	197   	0.928882	0.00176939 	0.929575
469	197   	0.928142	0.00416902 	0.929612
470	197   	0.928428	0.00386888 	0.929626
471	197   	0.928514	0.00326519 	0.929708
472	197   	0.928064	0.00524819 	0.929781
473	197   	0.928853	0.00394436 	0.929884
474	197   	0.928527	0.00439776 	0.929916
475	197   	0.928544	0.00427697 	0.929924
476	197   	0.928817	0.00365143 	0.929954
477	197   	0.929165	0.0026252  	0.929995
478	197   	0.928577	0.00398072 	0.93003 
479	197   	0.929337	0.00233265 	0.930082
480	197   	0.928624	0.0048213  	0.930114
481	197   	0.929244	0.00319428 	0.930157
482	197   	0.928396	0.00479321 	0.930211
483	197   	0.929152	0.0037024  	0.930247
484	197   	0.928932	0.00431846 	0.930305
485	197   	0.928283	0.00529817 	0.930419
486	197   	0.929304	0.00322765 	0.930552
487	197   	0.928874	0.00489304 	0.930624
488	197   	0.929068	0.00505457 	0.930649
489	197   	0.929398	0.00477953 	0.93096 
490	197   	0.9298  	0.00396901 	0.93104 
491	197   	0.92937 	0.00487765 	0.931047
492	197   	0.930201	0.00297402 	0.931288
493	197   	0.930107	0.00392352 	0.93137 
494	197   	0.930391	0.00334638 	0.931389
495	197   	0.9303  	0.00345913 	0.931525
496	197   	0.930507	0.00338295 	0.931871
497	197   	0.930899	0.0035697  	0.932057
498	197   	0.931267	0.00279794 	0.932139
499	197   	0.930384	0.00527245 	0.932254
500	197   	0.930892	0.00436983 	0.932276