Execution of the code with theses parameters
On this image bro 5a.png
generations : 300
generations2 :200
population_size :200
seed : 21
polygons :5
mutation_rate :1
mating_prob : 0.1
mutate_pt :0.6
shuffle :0.05
remove_poly :0.05
add_poly :0.1
change_cr :0.1
add_pt :0.1
independance :False
mutate_pt2 :0.8
shuffle2 :0.05
remove_poly20.02
add_poly2 :0.05
change_cr2 :0.03
add_pt2 :0.05
independance2 :FalseWe got theses results 
gen	nevals	avg     	std        	max     
0  	200   	0.668533	0.00971905 	0.706042
1  	197   	0.706563	0.00474524 	0.740088
2  	197   	0.740458	0.00355855 	0.759654
3  	197   	0.75991 	0.00140169 	0.769881
4  	197   	0.770002	0.00112283 	0.778498
5  	197   	0.778392	0.000800765	0.783463
6  	197   	0.783363	0.00054532 	0.784831
7  	197   	0.784724	0.000782912	0.788779
8  	197   	0.788546	0.00121818 	0.792581
9  	197   	0.792372	0.00121983 	0.795011
10 	197   	0.79489 	0.000530161	0.795532
11 	197   	0.79534 	0.000902496	0.796372
12 	197   	0.796092	0.000798345	0.797033
13 	197   	0.796898	0.000791768	0.79985 
14 	197   	0.799648	0.000907748	0.801113
15 	197   	0.800909	0.000966193	0.802405
16 	197   	0.802146	0.00139215 	0.804781
17 	197   	0.804566	0.000807549	0.806879
18 	197   	0.80665 	0.00118936 	0.808704
19 	197   	0.808331	0.00125525 	0.810104
20 	197   	0.809804	0.000886208	0.810974
21 	197   	0.81079 	0.000847305	0.812375
22 	197   	0.812075	0.0011112  	0.813364
23 	197   	0.81301 	0.00127433 	0.814369
24 	197   	0.814006	0.00120685 	0.814658
25 	197   	0.814347	0.00121551 	0.815703
26 	197   	0.815324	0.00165859 	0.816259
27 	197   	0.815893	0.00127814 	0.816966
28 	197   	0.81671 	0.00121785 	0.817813
29 	197   	0.817354	0.00153363 	0.819519
30 	197   	0.819198	0.00120407 	0.821127
31 	197   	0.820575	0.00183816 	0.821697
32 	197   	0.821492	0.000992275	0.822352
33 	197   	0.822118	0.00114822 	0.82284 
34 	197   	0.822409	0.00148567 	0.824289
35 	197   	0.823952	0.00102914 	0.824831
36 	197   	0.824365	0.00166955 	0.82557 
37 	197   	0.825422	0.000527948	0.826774
38 	197   	0.826318	0.0018841  	0.827769
39 	197   	0.827375	0.00145121 	0.828243
40 	197   	0.827972	0.00132319 	0.828809
41 	197   	0.828612	0.000770921	0.829581
42 	197   	0.829249	0.00109328 	0.830623
43 	197   	0.830376	0.00100225 	0.831715
44 	197   	0.831484	0.00109062 	0.832757
45 	197   	0.832418	0.00139536 	0.833739
46 	197   	0.833496	0.00098987 	0.834747
47 	197   	0.83431 	0.00160291 	0.835383
48 	197   	0.834922	0.00149477 	0.835942
49 	197   	0.835577	0.00124007 	0.836961
50 	197   	0.836622	0.00106495 	0.837316
51 	197   	0.836933	0.00174755 	0.838598
52 	197   	0.838129	0.00133733 	0.839338
53 	197   	0.839054	0.000960051	0.839802
54 	197   	0.839429	0.00141491 	0.840098
55 	197   	0.839595	0.00175836 	0.840787
56 	197   	0.840196	0.00244951 	0.841178
57 	197   	0.840802	0.0014822  	0.842062
58 	197   	0.841651	0.00179829 	0.842186
59 	197   	0.841584	0.00226875 	0.843113
60 	197   	0.842629	0.00156031 	0.84347 
61 	197   	0.842965	0.00187495 	0.844038
62 	197   	0.843602	0.0015012  	0.844445
63 	197   	0.84393 	0.00163836 	0.844645
64 	197   	0.844353	0.00104972 	0.844895
65 	197   	0.844502	0.00130524 	0.845022
66 	197   	0.844484	0.00177354 	0.845575
67 	197   	0.845164	0.00180257 	0.845809
68 	197   	0.845289	0.00171844 	0.847284
69 	197   	0.846855	0.00137503 	0.84756 
70 	197   	0.847054	0.0019978  	0.847769
71 	197   	0.84734 	0.00142909 	0.848329
72 	197   	0.847938	0.00143606 	0.849119
73 	197   	0.848584	0.00188619 	0.849498
74 	197   	0.849064	0.00156883 	0.850352
75 	197   	0.849829	0.00162957 	0.850723
76 	197   	0.850275	0.00150999 	0.85101 
77 	197   	0.85061 	0.00129258 	0.851359
78 	197   	0.851171	0.000837009	0.852659
79 	197   	0.852066	0.00200821 	0.853125
80 	197   	0.85247 	0.00204313 	0.854305
81 	197   	0.853748	0.00187734 	0.854461
82 	197   	0.854131	0.00119454 	0.854976
83 	197   	0.85444 	0.00170057 	0.855161
84 	197   	0.854469	0.00222674 	0.855678
85 	197   	0.855373	0.00132635 	0.856085
86 	197   	0.85553 	0.00188703 	0.85763 
87 	197   	0.857345	0.000933478	0.858614
88 	197   	0.857859	0.00218558 	0.858983
89 	197   	0.858582	0.00126833 	0.859523
90 	197   	0.859196	0.00113098 	0.859712
91 	197   	0.859455	0.000973953	0.860771
92 	197   	0.860536	0.000681259	0.861641
93 	197   	0.861297	0.00144077 	0.861802
94 	197   	0.861279	0.00233646 	0.862109
95 	197   	0.861583	0.00193779 	0.862455
96 	197   	0.862025	0.00134498 	0.863082
97 	197   	0.862498	0.00182243 	0.863225
98 	197   	0.862842	0.00102429 	0.863457
99 	197   	0.862955	0.00159814 	0.863792
100	197   	0.863264	0.0017868  	0.864215
101	197   	0.863797	0.00152975 	0.864696
102	197   	0.864292	0.00133529 	0.864976
103	197   	0.864219	0.00228906 	0.865343
104	197   	0.864911	0.00162516 	0.865962
105	197   	0.865183	0.00215076 	0.866249
106	197   	0.865635	0.00187225 	0.866588
107	197   	0.866042	0.00189044 	0.866811
108	197   	0.86646 	0.00144054 	0.86709 
109	197   	0.866499	0.00205111 	0.867232
110	197   	0.866828	0.00139632 	0.867536
111	197   	0.867148	0.0012724  	0.867684
112	197   	0.867231	0.00176556 	0.8681  
113	197   	0.867657	0.00160428 	0.868352
114	197   	0.867741	0.00251367 	0.868591
115	197   	0.868096	0.00159922 	0.870794
116	197   	0.870371	0.00138472 	0.871223
117	197   	0.870462	0.0022457  	0.871805
118	197   	0.871378	0.00157428 	0.872162
119	197   	0.871628	0.00169764 	0.873104
120	197   	0.87277 	0.00113249 	0.873495
121	197   	0.872629	0.00253208 	0.874315
122	197   	0.873744	0.00200689 	0.874729
123	197   	0.87414 	0.00184541 	0.874992
124	197   	0.874453	0.00178851 	0.875847
125	197   	0.875221	0.00197399 	0.876194
126	197   	0.875687	0.00176983 	0.876649
127	197   	0.875958	0.00239623 	0.877086
128	197   	0.876604	0.00157685 	0.87728 
129	197   	0.876841	0.00141297 	0.877482
130	197   	0.877048	0.00156928 	0.877893
131	197   	0.877248	0.00202482 	0.878014
132	197   	0.877163	0.00246488 	0.878424
133	197   	0.877659	0.00228006 	0.878697
134	197   	0.877921	0.00244664 	0.878888
135	197   	0.878457	0.00151954 	0.879408
136	197   	0.878703	0.00224285 	0.879815
137	197   	0.879213	0.00207123 	0.879957
138	197   	0.879527	0.0011845  	0.880259
139	197   	0.879589	0.00219726 	0.880459
140	197   	0.879741	0.00237425 	0.88058 
141	197   	0.879821	0.00241714 	0.880898
142	197   	0.880267	0.00209565 	0.881273
143	197   	0.880768	0.00161176 	0.881869
144	197   	0.881484	0.00129059 	0.882189
145	197   	0.88134 	0.00271773 	0.883243
146	197   	0.882582	0.00183772 	0.883502
147	197   	0.883173	0.00103075 	0.883858
148	197   	0.883217	0.00252543 	0.884038
149	197   	0.883254	0.00279193 	0.884143
150	197   	0.883417	0.00192214 	0.88423 
151	197   	0.883667	0.00188068 	0.884424
152	197   	0.883842	0.00204417 	0.88464 
153	197   	0.884297	0.00128305 	0.884791
154	197   	0.883789	0.00327317 	0.88553 
155	197   	0.885154	0.00137673 	0.885729
156	197   	0.885033	0.00202281 	0.88588 
157	197   	0.885333	0.00191241 	0.886238
158	197   	0.885636	0.00211081 	0.886457
159	197   	0.885987	0.00130578 	0.88716 
160	197   	0.886779	0.00155938 	0.887638
161	197   	0.886979	0.00225201 	0.887826
162	197   	0.887261	0.00185013 	0.888048
163	197   	0.887317	0.00211052 	0.888115
164	197   	0.887433	0.00221387 	0.888284
165	197   	0.887646	0.00197198 	0.888856
166	197   	0.887876	0.00282983 	0.889094
167	197   	0.888167	0.00312978 	0.889421
168	197   	0.888765	0.00214244 	0.89087 
169	197   	0.890317	0.00207319 	0.891017
170	197   	0.890695	0.00123437 	0.891355
171	197   	0.890967	0.00156889 	0.89241 
172	197   	0.891756	0.00191493 	0.892611
173	197   	0.89212 	0.00154484 	0.893154
174	197   	0.892666	0.00168606 	0.893538
175	197   	0.893006	0.00175424 	0.893769
176	197   	0.893194	0.00233954 	0.893936
177	197   	0.893375	0.00182936 	0.894508
178	197   	0.893855	0.00243722 	0.894675
179	197   	0.894282	0.00149735 	0.894772
180	197   	0.894263	0.0016508  	0.895181
181	197   	0.89447 	0.00220579 	0.895594
182	197   	0.894838	0.00212828 	0.89621 
183	197   	0.895731	0.00143046 	0.896341
184	197   	0.895856	0.00190998 	0.896554
185	197   	0.895516	0.00308406 	0.896738
186	197   	0.896012	0.0025734  	0.897136
187	197   	0.896529	0.00194912 	0.897228
188	197   	0.896786	0.00182962 	0.897618
189	197   	0.897219	0.00127154 	0.897724
190	197   	0.897111	0.00205868 	0.898025
191	197   	0.897403	0.00203277 	0.898591
192	197   	0.898155	0.00148839 	0.898825
193	197   	0.898122	0.00229229 	0.899146
194	197   	0.898267	0.00270524 	0.900006
195	197   	0.899221	0.00240906 	0.90015 
196	197   	0.899336	0.00227605 	0.900239
197	197   	0.899517	0.0022112  	0.900737
198	197   	0.900259	0.0019396  	0.900856
199	197   	0.900183	0.00216217 	0.901166
200	197   	0.90036 	0.00258029 	0.901418
201	197   	0.900873	0.00149842 	0.901454
202	197   	0.900801	0.00259062 	0.901595
203	197   	0.901069	0.00198009 	0.903318
204	197   	0.90279 	0.00140719 	0.90362 
205	197   	0.903193	0.00152856 	0.903718
206	197   	0.902869	0.00288853 	0.903855
207	197   	0.903085	0.00240482 	0.903916
208	197   	0.903195	0.00244217 	0.90432 
209	197   	0.903557	0.00225152 	0.90509 
210	197   	0.904532	0.00207681 	0.905258
211	197   	0.904855	0.00151722 	0.905709
212	197   	0.904871	0.00242972 	0.905808
213	197   	0.905191	0.00209373 	0.906215
214	197   	0.905509	0.00198853 	0.906394
215	197   	0.905699	0.00207594 	0.906486
216	197   	0.906052	0.00164972 	0.906704
217	197   	0.906017	0.00214169 	0.906876
218	197   	0.906253	0.00207315 	0.907072
219	197   	0.906431	0.00209993 	0.908254
220	197   	0.907796	0.00139316 	0.90858 
221	197   	0.908148	0.00157347 	0.908978
222	197   	0.908051	0.00319354 	0.909215
223	197   	0.908732	0.00152127 	0.909492
224	197   	0.90879 	0.00249403 	0.909825
225	197   	0.909413	0.00159779 	0.909988
226	197   	0.909484	0.00175651 	0.910046
227	197   	0.909444	0.0017341  	0.910443
228	197   	0.909514	0.00290321 	0.91053 
229	197   	0.909663	0.00284511 	0.91062 
230	197   	0.910003	0.00202574 	0.910806
231	197   	0.910343	0.00178491 	0.910886
232	197   	0.910321	0.00205263 	0.912149
233	197   	0.911253	0.0029907  	0.912309
234	197   	0.911836	0.00173222 	0.91248 
235	197   	0.911786	0.00233938 	0.912613
236	197   	0.911945	0.00201728 	0.912827
237	197   	0.911856	0.00304393 	0.913045
238	197   	0.912374	0.00199302 	0.913152
239	197   	0.912599	0.001844   	0.913442
240	197   	0.912764	0.00221067 	0.913665
241	197   	0.913012	0.00221751 	0.91378 
242	197   	0.913288	0.00122226 	0.913858
243	197   	0.91289 	0.00288198 	0.91402 
244	197   	0.913244	0.00228602 	0.914116
245	197   	0.913419	0.00210444 	0.914495
246	197   	0.913871	0.002048   	0.914785
247	197   	0.913669	0.00297778 	0.914879
248	197   	0.914126	0.00247684 	0.915136
249	197   	0.914469	0.00189084 	0.915335
250	197   	0.914644	0.00220455 	0.915404
251	197   	0.914691	0.00212729 	0.9155  
252	197   	0.914841	0.00213351 	0.915568
253	197   	0.915075	0.00176987 	0.915626
254	197   	0.915051	0.00212893 	0.915651
255	197   	0.915167	0.00161617 	0.91605 
256	197   	0.915579	0.00132088 	0.916167
257	197   	0.915593	0.00227777 	0.916348
258	197   	0.915433	0.00269649 	0.916445
259	197   	0.915653	0.00247502 	0.916531
260	197   	0.915589	0.00312413 	0.916627
261	197   	0.915945	0.00210576 	0.916711
262	197   	0.916048	0.00206395 	0.916803
263	197   	0.916241	0.00164724 	0.916912
264	197   	0.916247	0.00231605 	0.917818
265	197   	0.916825	0.00306476 	0.917902
266	197   	0.917176	0.00212724 	0.918162
267	197   	0.917751	0.00147112 	0.918351
268	197   	0.917282	0.00322367 	0.91839 
269	197   	0.917806	0.00199221 	0.918593
270	197   	0.918162	0.00146601 	0.918771
271	197   	0.917956	0.00296402 	0.918872
272	197   	0.918057	0.00322738 	0.91892 
273	197   	0.918441	0.001338   	0.919214
274	197   	0.918582	0.0022126  	0.919497
275	197   	0.918485	0.00324406 	0.919568
276	197   	0.918959	0.00169449 	0.919809
277	197   	0.919129	0.00229109 	0.920086
278	197   	0.91919 	0.00224125 	0.920216
279	197   	0.919451	0.00270141 	0.920561
280	197   	0.91969 	0.00265852 	0.920641
281	197   	0.919891	0.00240318 	0.920952
282	197   	0.920188	0.00303902 	0.920963
283	197   	0.920163	0.00247455 	0.921088
284	197   	0.920513	0.00177095 	0.921497
285	197   	0.920774	0.00253593 	0.921735
286	197   	0.921133	0.00189192 	0.921888
287	197   	0.921402	0.00132515 	0.921984
288	197   	0.921386	0.00191445 	0.922044
289	197   	0.920792	0.00399863 	0.922131
290	197   	0.921738	0.00123736 	0.922295
291	197   	0.92169 	0.00205684 	0.92244 
292	197   	0.921718	0.00236139 	0.922558
293	197   	0.921978	0.00189754 	0.922697
294	197   	0.922258	0.00178443 	0.92281 
295	197   	0.922087	0.00237332 	0.923233
296	197   	0.922626	0.00218129 	0.923728
297	197   	0.922945	0.00273554 	0.92383 
298	197   	0.922959	0.00295708 	0.924012
299	197   	0.92293 	0.00298218 	0.924071
300	197   	0.923364	0.00238805 	0.924196gen	nevals	avg     	std        	max     
0  	0     	0.923364	0.00238805 	0.924196
1  	197   	0.923731	0.00165719 	0.924271
2  	197   	0.923903	0.00158199 	0.92454 
3  	197   	0.924284	0.0013353  	0.92463 
4  	197   	0.924306	0.0014014  	0.924838
5  	197   	0.924546	0.00104906 	0.9249  
6  	197   	0.924637	0.00117665 	0.925014
7  	197   	0.924637	0.00180287 	0.925077
8  	197   	0.924678	0.00169768 	0.925123
9  	197   	0.924708	0.00190478 	0.925191
10 	197   	0.924751	0.0017457  	0.925261
11 	197   	0.924988	0.00106974 	0.925352
12 	197   	0.925135	0.00091064 	0.925422
13 	197   	0.925193	0.00078368 	0.925467
14 	197   	0.924937	0.0019853  	0.925517
15 	197   	0.924963	0.00222475 	0.925854
16 	197   	0.925448	0.00193002 	0.925911
17 	197   	0.925438	0.00242113 	0.926273
18 	197   	0.925956	0.00151451 	0.926327
19 	197   	0.925953	0.00198525 	0.926454
20 	197   	0.926099	0.00183897 	0.926495
21 	197   	0.926255	0.000936191	0.926921
22 	197   	0.926494	0.00180711 	0.926972
23 	197   	0.926708	0.000780488	0.927056
24 	197   	0.926541	0.00192148 	0.927083
25 	197   	0.926709	0.00157784 	0.927407
26 	197   	0.926896	0.00218745 	0.927694
27 	197   	0.927362	0.00119205 	0.927746
28 	197   	0.927557	0.000978597	0.928791
29 	197   	0.928443	0.00169174 	0.928875
30 	197   	0.928561	0.00135622 	0.928987
31 	197   	0.928732	0.00111173 	0.929071
32 	197   	0.928657	0.00169031 	0.929128
33 	197   	0.928832	0.00132219 	0.929209
34 	197   	0.928881	0.00121415 	0.929594
35 	197   	0.929295	0.00129387 	0.929741
36 	197   	0.929466	0.00141465 	0.929783
37 	197   	0.929499	0.00107944 	0.929902
38 	197   	0.929354	0.00214083 	0.930029
39 	197   	0.92956 	0.00184238 	0.930079
40 	197   	0.92968 	0.00197008 	0.930178
41 	197   	0.929866	0.00103228 	0.930237
42 	197   	0.929859	0.00144096 	0.930447
43 	197   	0.929998	0.00196739 	0.930547
44 	197   	0.930136	0.00163084 	0.930573
45 	197   	0.930045	0.00215936 	0.930606
46 	197   	0.930312	0.00134299 	0.930713
47 	197   	0.930347	0.0013882  	0.930824
48 	197   	0.930632	0.00087099 	0.930884
49 	197   	0.930552	0.0012571  	0.931   
50 	197   	0.930679	0.0014022  	0.931064
51 	197   	0.93073 	0.00167103 	0.931235
52 	197   	0.930772	0.00233083 	0.931258
53 	197   	0.930864	0.00222099 	0.931471
54 	197   	0.931109	0.00147125 	0.931516
55 	197   	0.931225	0.00132303 	0.931588
56 	197   	0.931382	0.000759186	0.931696
57 	197   	0.931208	0.00161711 	0.931837
58 	197   	0.931438	0.00157549 	0.932047
59 	197   	0.931472	0.00236217 	0.93211 
60 	197   	0.931807	0.00126991 	0.932161
61 	197   	0.931885	0.00101246 	0.932237
62 	197   	0.932056	0.0010036  	0.932307
63 	197   	0.931528	0.00314176 	0.932385
64 	197   	0.931967	0.00171469 	0.932428
65 	197   	0.932085	0.00155264 	0.932531
66 	197   	0.932101	0.00179588 	0.932569
67 	197   	0.932201	0.00183126 	0.932702
68 	197   	0.932142	0.0022488  	0.932795
69 	197   	0.932659	0.000501452	0.932871
70 	197   	0.932431	0.002268   	0.932989
71 	197   	0.932523	0.00206598 	0.933047
72 	197   	0.93267 	0.00159368 	0.933138
73 	197   	0.932806	0.00162444 	0.933203
74 	197   	0.932886	0.00116846 	0.933246
75 	197   	0.932926	0.00155932 	0.933423
76 	197   	0.933116	0.00126483 	0.933554
77 	197   	0.933185	0.00165992 	0.933668
78 	197   	0.933172	0.00242692 	0.933731
79 	197   	0.933064	0.00256916 	0.933791
80 	197   	0.933449	0.00179644 	0.933834
81 	197   	0.933394	0.00193395 	0.933898
82 	197   	0.933654	0.00107693 	0.933938
83 	197   	0.933795	0.000511101	0.933994
84 	197   	0.933446	0.00220543 	0.934073
85 	197   	0.933796	0.00141669 	0.934108
86 	197   	0.933673	0.00191689 	0.934184
87 	197   	0.93389 	0.0013511  	0.934381
88 	197   	0.934003	0.00136229 	0.934436
89 	197   	0.934084	0.00148919 	0.9345  
90 	197   	0.934043	0.00188446 	0.934586
91 	197   	0.934115	0.00145943 	0.934854
92 	197   	0.934364	0.00192284 	0.934926
93 	197   	0.934587	0.00135875 	0.934957
94 	197   	0.934675	0.00121534 	0.934999
95 	197   	0.934691	0.00157514 	0.935046
96 	197   	0.934716	0.00178843 	0.935084
97 	197   	0.934711	0.00133302 	0.935109
98 	197   	0.934885	0.000839915	0.935138
99 	197   	0.934609	0.00241736 	0.935161
100	197   	0.934711	0.00173587 	0.935229
101	197   	0.934781	0.00156803 	0.93527 
102	197   	0.934843	0.00217225 	0.935328
103	197   	0.935073	0.0011298  	0.93537 
104	197   	0.934993	0.00141622 	0.935447
105	197   	0.935014	0.00175448 	0.935586
106	197   	0.935103	0.00194387 	0.93561 
107	197   	0.935153	0.00177905 	0.935641
108	197   	0.935144	0.00192708 	0.935694
109	197   	0.935272	0.00199491 	0.935746
110	197   	0.935269	0.00203505 	0.935934
111	197   	0.935612	0.00111852 	0.935979
112	197   	0.93549 	0.00215604 	0.936111
113	197   	0.935712	0.0019951  	0.936165
114	197   	0.935875	0.00128883 	0.936496
115	197   	0.936021	0.00192535 	0.936601
116	197   	0.936329	0.00106885 	0.936636
117	197   	0.936348	0.0012959  	0.936715
118	197   	0.936138	0.00237688 	0.936781
119	197   	0.936218	0.00198013 	0.936979
120	197   	0.936599	0.00145664 	0.937091
121	197   	0.936687	0.00150367 	0.937129
122	197   	0.936833	0.00149082 	0.937165
123	197   	0.936851	0.00128544 	0.937276
124	197   	0.936855	0.00141908 	0.937292
125	197   	0.936952	0.00163255 	0.937483
126	197   	0.937173	0.00144918 	0.937538
127	197   	0.937252	0.00143697 	0.937575
128	197   	0.937232	0.00140566 	0.937621
129	197   	0.937319	0.0011181  	0.937635
130	197   	0.937021	0.00218297 	0.937784
131	197   	0.937443	0.00126535 	0.937813
132	197   	0.937508	0.000942625	0.937872
133	197   	0.937309	0.00218241 	0.937975
134	197   	0.937469	0.00273267 	0.938028
135	197   	0.937607	0.00166518 	0.938094
136	197   	0.937592	0.00222202 	0.938144
137	197   	0.937728	0.00159979 	0.938281
138	197   	0.937936	0.00150765 	0.938329
139	197   	0.937874	0.00188473 	0.938414
140	197   	0.938043	0.00114745 	0.938483
141	197   	0.938169	0.00165315 	0.938537
142	197   	0.938183	0.00142405 	0.938632
143	197   	0.938286	0.00186572 	0.938758
144	197   	0.938484	0.00125376 	0.938805
145	197   	0.938326	0.00181377 	0.938843
146	197   	0.938238	0.00248745 	0.938945
147	197   	0.938381	0.00275441 	0.939013
148	197   	0.938671	0.00158438 	0.939041
149	197   	0.938597	0.00192845 	0.93908 
150	197   	0.938641	0.00221622 	0.939155
151	197   	0.938906	0.00134996 	0.939209
152	197   	0.938655	0.00209589 	0.939271
153	197   	0.938984	0.00128062 	0.939462
154	197   	0.939153	0.000969343	0.939504
155	197   	0.939234	0.00132781 	0.939608
156	197   	0.938942	0.00281712 	0.9397  
157	197   	0.939345	0.00176915 	0.939903
158	197   	0.939665	0.000959268	0.939947
159	197   	0.939562	0.00160271 	0.940069
160	197   	0.939605	0.00243704 	0.940122
161	197   	0.939694	0.00176785 	0.940201
162	197   	0.939833	0.0013413  	0.940252
163	197   	0.939783	0.00174035 	0.940361
164	197   	0.940044	0.00145589 	0.940409
165	197   	0.939803	0.00230591 	0.94046 
166	197   	0.939873	0.00288242 	0.940486
167	197   	0.939894	0.00220734 	0.940524
168	197   	0.940126	0.00143913 	0.940552
169	197   	0.939963	0.00192807 	0.940586
170	197   	0.940216	0.00139985 	0.940606
171	197   	0.940303	0.00143737 	0.940761
172	197   	0.940422	0.00137558 	0.940815
173	197   	0.940483	0.00128856 	0.940835
174	197   	0.940483	0.00133109 	0.94085 
175	197   	0.940277	0.00206496 	0.940872
176	197   	0.940387	0.00191562 	0.940902
177	197   	0.940359	0.00267907 	0.940932
178	197   	0.940638	0.00110091 	0.940947
179	197   	0.940689	0.00144666 	0.941031
180	197   	0.94069 	0.0014182  	0.941088
181	197   	0.940884	0.000857215	0.941121
182	197   	0.940734	0.00173005 	0.941154
183	197   	0.940777	0.00163741 	0.941209
184	197   	0.940886	0.00131902 	0.941254
185	197   	0.940908	0.000980068	0.941308
186	197   	0.94089 	0.00197976 	0.941378
187	197   	0.940826	0.00246453 	0.941411
188	197   	0.940914	0.00190572 	0.941477
189	197   	0.941074	0.00116831 	0.941542
190	197   	0.941226	0.00143467 	0.941744
191	197   	0.941062	0.00300313 	0.941793
192	197   	0.941263	0.0019694  	0.94182 
193	197   	0.94144 	0.00158338 	0.941846
194	197   	0.941499	0.00144397 	0.941869
195	197   	0.941397	0.00169288 	0.941907
196	197   	0.941671	0.00129916 	0.94192 
197	197   	0.941503	0.00165248 	0.941952
198	197   	0.941574	0.00118909 	0.941974
199	197   	0.941514	0.00164274 	0.941998
200	197   	0.941482	0.00219912 	0.942039