Execution of the code with theses parameters
On this image bro 5c.png
generations : 500
generations2 :0
population_size :200
seed : 69
polygons :5
mutation_rate :1
mating_prob : 0.05
mutate_pt :0.8
shuffle :0.05
remove_poly :0.02
add_poly :0.05
change_cr :0.03
add_pt :0.05
independance :False
mutate_pt2 :0.8
shuffle2 :0.05
remove_poly20.02
add_poly2 :0.05
change_cr2 :0.03
add_pt2 :0.05
independance2 :FalseWe got theses results 
gen	nevals	avg     	std        	max     
0  	200   	0.654768	0.0081898  	0.680611
1  	200   	0.681269	0.00326448 	0.709374
2  	200   	0.709502	0.000815889	0.716869
3  	200   	0.717012	0.000854108	0.726227
4  	200   	0.726337	0.00086783 	0.734896
5  	200   	0.734916	0.000349807	0.73743 
6  	200   	0.737531	0.00067684 	0.742162
7  	200   	0.742194	0.000327468	0.744694
8  	200   	0.744697	0.000357052	0.748096
9  	200   	0.748086	0.000259291	0.749722
10 	200   	0.749675	0.000545146	0.752634
11 	200   	0.752676	0.000449974	0.756634
12 	200   	0.75661 	0.000391275	0.758159
13 	200   	0.758161	0.000308008	0.759498
14 	200   	0.759467	0.000355908	0.761074
15 	200   	0.761045	0.000262807	0.762036
16 	200   	0.761986	0.000401172	0.76489 
17 	200   	0.764857	0.000343417	0.766396
18 	200   	0.766348	0.000398265	0.767527
19 	200   	0.767454	0.000556013	0.768272
20 	200   	0.768256	0.000388737	0.770268
21 	200   	0.77021 	0.000404086	0.771443
22 	200   	0.771287	0.000966145	0.77229 
23 	200   	0.772099	0.00107528 	0.773818
24 	200   	0.77376 	0.000332289	0.774111
25 	200   	0.773994	0.000723118	0.775792
26 	200   	0.775694	0.000559033	0.776896
27 	200   	0.776847	0.000363241	0.778533
28 	200   	0.778365	0.000917919	0.780326
29 	200   	0.780246	0.000430301	0.780906
30 	200   	0.780825	0.000479234	0.781528
31 	200   	0.781437	0.000614308	0.783109
32 	200   	0.783003	0.00048666 	0.784575
33 	200   	0.784438	0.000664235	0.786335
34 	200   	0.78625 	0.000608559	0.787635
35 	200   	0.787553	0.000454204	0.788814
36 	200   	0.788683	0.000790184	0.789321
37 	200   	0.789195	0.000749647	0.790385
38 	200   	0.790214	0.00111644 	0.791055
39 	200   	0.790829	0.000869354	0.791975
40 	200   	0.791837	0.00082516 	0.792323
41 	200   	0.792167	0.000971991	0.792687
42 	200   	0.792543	0.000780503	0.793607
43 	200   	0.793564	0.000303215	0.794254
44 	200   	0.794044	0.00091598 	0.796139
45 	200   	0.796019	0.00072249 	0.796834
46 	200   	0.796758	0.000341524	0.797498
47 	200   	0.797395	0.000641692	0.797699
48 	200   	0.797603	0.000482691	0.797943
49 	200   	0.797833	0.000611963	0.798794
50 	200   	0.798664	0.000569123	0.799826
51 	200   	0.799701	0.000525164	0.800402
52 	200   	0.80023 	0.000653394	0.800763
53 	200   	0.800563	0.000650448	0.800822
54 	200   	0.800692	0.000944419	0.801161
55 	200   	0.801068	0.000550916	0.801411
56 	200   	0.801291	0.000563646	0.801921
57 	200   	0.80176 	0.0008361  	0.802557
58 	200   	0.802467	0.000329457	0.802888
59 	200   	0.802597	0.00125376 	0.803726
60 	200   	0.803537	0.000930161	0.804136
61 	200   	0.804022	0.000515723	0.804525
62 	200   	0.804356	0.00076174 	0.804918
63 	200   	0.804782	0.000567373	0.805142
64 	200   	0.805026	0.000619477	0.806838
65 	200   	0.806693	0.00069493 	0.807954
66 	200   	0.807781	0.000795856	0.808206
67 	200   	0.808068	0.000574999	0.808513
68 	200   	0.808304	0.000956568	0.809333
69 	200   	0.809213	0.000512079	0.809723
70 	200   	0.80962 	0.000430821	0.809965
71 	200   	0.809763	0.00134715 	0.810277
72 	200   	0.810079	0.0010384  	0.810604
73 	200   	0.81044 	0.000646356	0.810962
74 	200   	0.810868	0.000386274	0.811397
75 	200   	0.81123 	0.00116225 	0.812652
76 	200   	0.812486	0.00070835 	0.812879
77 	200   	0.812705	0.000789233	0.813021
78 	200   	0.812857	0.00076297 	0.813458
79 	200   	0.813369	0.000454358	0.814012
80 	200   	0.813915	0.000519989	0.814529
81 	200   	0.814453	0.000319425	0.814735
82 	200   	0.814571	0.000644438	0.814865
83 	200   	0.814552	0.00128381 	0.815016
84 	200   	0.814874	0.000510907	0.815206
85 	200   	0.815018	0.0007878  	0.815517
86 	200   	0.815398	0.000518419	0.816303
87 	200   	0.816206	0.000540386	0.816645
88 	200   	0.816484	0.000756086	0.816793
89 	200   	0.816641	0.000831984	0.81727 
90 	200   	0.817043	0.00116709 	0.817463
91 	200   	0.817324	0.000752634	0.817714
92 	200   	0.817506	0.00117778 	0.818551
93 	200   	0.818384	0.000932221	0.819038
94 	200   	0.818892	0.00072577 	0.819178
95 	200   	0.819045	0.000561353	0.819289
96 	200   	0.819065	0.000926065	0.819837
97 	200   	0.819685	0.000613708	0.81994 
98 	200   	0.819724	0.000675535	0.82018 
99 	200   	0.819972	0.000975013	0.820814
100	200   	0.820673	0.000829862	0.82093 
101	200   	0.820685	0.00122145 	0.821241
102	200   	0.821116	0.000575862	0.821712
103	200   	0.821472	0.00109422 	0.821913
104	200   	0.821819	0.000619499	0.825121
105	200   	0.824925	0.000957263	0.825614
106	200   	0.825404	0.00080207 	0.825747
107	200   	0.825513	0.00130859 	0.825975
108	200   	0.825705	0.00104473 	0.826183
109	200   	0.826046	0.000602564	0.826497
110	200   	0.826332	0.000596304	0.826545
111	200   	0.826412	0.000704089	0.826791
112	200   	0.826608	0.00101574 	0.827085
113	200   	0.826907	0.00102564 	0.827182
114	200   	0.826973	0.000916401	0.827244
115	200   	0.827169	0.00035653 	0.827773
116	200   	0.827521	0.00097706 	0.827945
117	200   	0.827745	0.000682538	0.828388
118	200   	0.828018	0.0015237  	0.828463
119	200   	0.828354	0.000486104	0.82865 
120	200   	0.828438	0.000795541	0.828856
121	200   	0.828704	0.00097821 	0.829104
122	200   	0.828871	0.000962621	0.829328
123	200   	0.829062	0.00107278 	0.829564
124	200   	0.829383	0.00117807 	0.83079 
125	200   	0.830577	0.00109111 	0.830908
126	200   	0.830578	0.00146374 	0.831926
127	200   	0.831573	0.00144378 	0.833161
128	200   	0.832945	0.00109348 	0.833366
129	200   	0.833168	0.000692423	0.833833
130	200   	0.8336  	0.00091729 	0.834476
131	200   	0.834346	0.000763806	0.835309
132	200   	0.835161	0.000636816	0.835382
133	200   	0.835219	0.000667639	0.835605
134	200   	0.83544 	0.000528337	0.835796
135	200   	0.835341	0.00174043 	0.835849
136	200   	0.835714	0.000547493	0.836156
137	200   	0.835924	0.000891052	0.836454
138	200   	0.836292	0.000681377	0.836511
139	200   	0.836338	0.000697751	0.836708
140	200   	0.836464	0.00112191 	0.83696 
141	200   	0.836749	0.000719286	0.837428
142	200   	0.837234	0.00103007 	0.837652
143	200   	0.837393	0.00123768 	0.837902
144	200   	0.837626	0.000909123	0.838058
145	200   	0.837762	0.00151797 	0.838225
146	200   	0.838102	0.000771834	0.838406
147	200   	0.838272	0.000621291	0.838518
148	200   	0.838283	0.00110352 	0.838707
149	200   	0.8385  	0.000903563	0.838923
150	200   	0.838632	0.0009053  	0.839348
151	200   	0.839104	0.000976227	0.840244
152	200   	0.840116	0.000530625	0.840405
153	200   	0.840153	0.00110938 	0.840865
154	200   	0.840593	0.00106067 	0.841006
155	200   	0.840857	0.000753912	0.84108 
156	200   	0.840868	0.00095896 	0.841256
157	200   	0.841088	0.000670901	0.841895
158	200   	0.84175 	0.00075392 	0.842096
159	200   	0.841931	0.000837954	0.842188
160	200   	0.842089	0.000464442	0.84224 
161	200   	0.842063	0.000702709	0.842479
162	200   	0.842301	0.000690361	0.842757
163	200   	0.842522	0.000752824	0.842961
164	200   	0.84282 	0.00057074 	0.84308 
165	200   	0.842868	0.00106277 	0.843212
166	200   	0.842971	0.000912584	0.843277
167	200   	0.843078	0.000704229	0.843318
168	200   	0.843196	0.000529464	0.843562
169	200   	0.843347	0.000768215	0.843668
170	200   	0.843529	0.000591929	0.843742
171	200   	0.843523	0.001041   	0.843867
172	200   	0.843692	0.000704576	0.844127
173	200   	0.843881	0.00106366 	0.844327
174	200   	0.844092	0.00110659 	0.844435
175	200   	0.844153	0.00108206 	0.844655
176	200   	0.844358	0.00102944 	0.844816
177	200   	0.844506	0.00124755 	0.844913
178	200   	0.844556	0.00127211 	0.845319
179	200   	0.845005	0.00125888 	0.845397
180	200   	0.845128	0.00089788 	0.845724
181	200   	0.84544 	0.0010766  	0.845801
182	200   	0.845549	0.00112726 	0.845899
183	200   	0.84563 	0.00137148 	0.846107
184	200   	0.845879	0.00118741 	0.846189
185	200   	0.845976	0.000792237	0.846318
186	200   	0.846191	0.000546579	0.846865
187	200   	0.846616	0.00088561 	0.847005
188	200   	0.846785	0.000925969	0.847085
189	200   	0.846864	0.000970544	0.847204
190	200   	0.846926	0.00121334 	0.847428
191	200   	0.84717 	0.000934247	0.847733
192	200   	0.847566	0.000901016	0.847882
193	200   	0.847596	0.00104812 	0.847941
194	200   	0.847703	0.00104139 	0.848029
195	200   	0.847811	0.000983814	0.848088
196	200   	0.847825	0.00100403 	0.848167
197	200   	0.847844	0.00125196 	0.848238
198	200   	0.848002	0.000862576	0.848632
199	200   	0.848483	0.000744547	0.848777
200	200   	0.848508	0.0011508  	0.848957
201	200   	0.848583	0.00157449 	0.849192
202	200   	0.848975	0.000974306	0.849414
203	200   	0.849008	0.00177446 	0.849477
204	200   	0.849336	0.000581395	0.849556
205	200   	0.849389	0.000711929	0.849653
206	200   	0.849459	0.000854328	0.849874
207	200   	0.84961 	0.00130366 	0.85051 
208	200   	0.850181	0.00116893 	0.850577
209	200   	0.850305	0.00107114 	0.850641
210	200   	0.850512	0.000620556	0.850927
211	200   	0.850777	0.000657304	0.851096
212	200   	0.850748	0.00127703 	0.85115 
213	200   	0.850796	0.00123964 	0.851201
214	200   	0.850954	0.00099789 	0.851357
215	200   	0.851127	0.000859445	0.851421
216	200   	0.851208	0.000851271	0.851577
217	200   	0.851481	0.000536976	0.85172 
218	200   	0.851563	0.000613761	0.851765
219	200   	0.85155 	0.0011441  	0.851993
220	200   	0.851646	0.00135561 	0.85215 
221	200   	0.851856	0.00152979 	0.852261
222	200   	0.852049	0.000755526	0.852779
223	200   	0.852362	0.00181234 	0.852845
224	200   	0.852636	0.000797469	0.853539
225	200   	0.853348	0.000768708	0.853617
226	200   	0.853283	0.00132248 	0.853821
227	200   	0.853531	0.0011406  	0.854058
228	200   	0.853748	0.00141783 	0.854316
229	200   	0.853982	0.00114148 	0.854406
230	200   	0.854061	0.001635   	0.854785
231	200   	0.854432	0.00129125 	0.854878
232	200   	0.85448 	0.001359   	0.854985
233	200   	0.854705	0.000929451	0.855079
234	200   	0.854866	0.00101147 	0.855141
235	200   	0.854931	0.00104009 	0.855447
236	200   	0.855253	0.000845369	0.855503
237	200   	0.855301	0.000899375	0.855563
238	200   	0.855256	0.00114274 	0.855675
239	200   	0.855357	0.0012553  	0.856283
240	200   	0.856099	0.000691658	0.856327
241	200   	0.855922	0.00156328 	0.856402
242	200   	0.856071	0.0010233  	0.856889
243	200   	0.856448	0.00180777 	0.857108
244	200   	0.85674 	0.00179732 	0.858839
245	200   	0.858552	0.00103212 	0.858954
246	200   	0.858756	0.000711593	0.859015
247	200   	0.858736	0.00113129 	0.859079
248	200   	0.85881 	0.0011591  	0.859134
249	200   	0.858933	0.000987964	0.859165
250	200   	0.859042	0.000486905	0.859316
251	200   	0.859002	0.00129223 	0.859393
252	200   	0.859112	0.00112869 	0.859463
253	200   	0.859122	0.00146301 	0.859567
254	200   	0.859254	0.00117715 	0.859811
255	200   	0.859549	0.000916695	0.859901
256	200   	0.859691	0.000733021	0.860056
257	200   	0.859783	0.00123576 	0.860121
258	200   	0.859837	0.00113304 	0.860204
259	200   	0.859912	0.00115709 	0.86028 
260	200   	0.860093	0.000703725	0.860404
261	200   	0.86024 	0.000830025	0.860657
262	200   	0.860368	0.00136759 	0.860841
263	200   	0.860544	0.00108944 	0.86086 
264	200   	0.860486	0.00132597 	0.860935
265	200   	0.860719	0.00107296 	0.861103
266	200   	0.86081 	0.00109364 	0.861176
267	200   	0.861021	0.000679476	0.861275
268	200   	0.861063	0.000808413	0.861369
269	200   	0.861067	0.00118128 	0.861477
270	200   	0.861242	0.00122477 	0.861631
271	200   	0.861291	0.00139543 	0.861716
272	200   	0.861436	0.0012121  	0.861768
273	200   	0.861417	0.0012723  	0.861799
274	200   	0.86154 	0.000889154	0.862005
275	200   	0.861725	0.0015613  	0.862461
276	200   	0.862147	0.00114374 	0.86256 
277	200   	0.862084	0.0015084  	0.862685
278	200   	0.862388	0.00124037 	0.862829
279	200   	0.862573	0.00104222 	0.862933
280	200   	0.862773	0.000743025	0.862978
281	200   	0.862749	0.00119367 	0.863022
282	200   	0.862915	0.000509912	0.863123
283	200   	0.862896	0.000769549	0.863178
284	200   	0.862901	0.00147199 	0.863965
285	200   	0.863576	0.00158201 	0.864057
286	200   	0.863641	0.00125269 	0.864097
287	200   	0.863762	0.00160664 	0.864216
288	200   	0.863799	0.00190923 	0.864325
289	200   	0.864109	0.000950563	0.866116
290	200   	0.865907	0.00074538 	0.866161
291	200   	0.865967	0.000820582	0.866187
292	200   	0.865766	0.00196551 	0.866255
293	200   	0.865997	0.00105741 	0.86627 
294	200   	0.865961	0.00147465 	0.866521
295	200   	0.866122	0.00131755 	0.866575
296	200   	0.866255	0.00097977 	0.866614
297	200   	0.866203	0.00185065 	0.867499
298	200   	0.867257	0.000791812	0.867596
299	200   	0.867345	0.000930307	0.867666
300	200   	0.867308	0.00170463 	0.867759
301	200   	0.867501	0.00094686 	0.867877
302	200   	0.867375	0.00186472 	0.867939
303	200   	0.867589	0.00111852 	0.868132
304	200   	0.867897	0.000837211	0.868357
305	200   	0.868018	0.00134644 	0.868659
306	200   	0.868141	0.00224507 	0.86869 
307	200   	0.868386	0.00103325 	0.868939
308	200   	0.868661	0.00105287 	0.869081
309	200   	0.86867 	0.00172636 	0.869115
310	200   	0.868802	0.00138423 	0.869218
311	200   	0.86897 	0.000859854	0.869242
312	200   	0.868925	0.00109722 	0.869286
313	200   	0.868976	0.00128422 	0.869369
314	200   	0.869118	0.000980627	0.869398
315	200   	0.869231	0.000624738	0.86947 
316	200   	0.869152	0.00129778 	0.86953 
317	200   	0.869375	0.000614975	0.86967 
318	200   	0.86929 	0.00137491 	0.869714
319	200   	0.869319	0.00155959 	0.86981 
320	200   	0.869563	0.00127826 	0.869845
321	200   	0.869418	0.0016909  	0.870021
322	200   	0.869768	0.000916695	0.870151
323	200   	0.869838	0.00132902 	0.870445
324	200   	0.870253	0.000931886	0.870472
325	200   	0.870094	0.00162426 	0.870547
326	200   	0.870169	0.00121835 	0.870616
327	200   	0.870267	0.00117838 	0.870723
328	200   	0.870497	0.00102821 	0.870829
329	200   	0.870578	0.00090147 	0.870943
330	200   	0.870632	0.00120937 	0.871008
331	200   	0.870705	0.00130119 	0.871159
332	200   	0.870813	0.00122119 	0.871406
333	200   	0.871162	0.000922514	0.871456
334	200   	0.871263	0.000694225	0.871509
335	200   	0.871309	0.000751847	0.871593
336	200   	0.871253	0.00128917 	0.871683
337	200   	0.871375	0.00119825 	0.871743
338	200   	0.871455	0.00105295 	0.871779
339	200   	0.871463	0.00111667 	0.871897
340	200   	0.871462	0.00225876 	0.871933
341	200   	0.8716  	0.00162733 	0.872015
342	200   	0.871742	0.000865424	0.872056
343	200   	0.871618	0.00199579 	0.8721  
344	200   	0.871672	0.00154729 	0.872155
345	200   	0.871679	0.00161548 	0.872213
346	200   	0.871933	0.000970439	0.872277
347	200   	0.871816	0.00196161 	0.872329
348	200   	0.871885	0.0015782  	0.872382
349	200   	0.87221 	0.000766297	0.872405
350	200   	0.872027	0.00127847 	0.87252 
351	200   	0.872226	0.00122196 	0.872641
352	200   	0.872353	0.000948138	0.872863
353	200   	0.872325	0.00173552 	0.873004
354	200   	0.8727  	0.00123976 	0.873178
355	200   	0.87297 	0.000795358	0.873192
356	200   	0.872883	0.00145802 	0.873246
357	200   	0.872909	0.00119311 	0.87357 
358	200   	0.873117	0.00185747 	0.873726
359	200   	0.873363	0.0011983  	0.873985
360	200   	0.873552	0.00164109 	0.874061
361	200   	0.873803	0.00140789 	0.87414 
362	200   	0.873921	0.000832566	0.874362
363	200   	0.873962	0.00161833 	0.874414
364	200   	0.874008	0.00137526 	0.874442
365	200   	0.873959	0.00174332 	0.874492
366	200   	0.874094	0.00123034 	0.874529
367	200   	0.874052	0.00180615 	0.874582
368	200   	0.874249	0.00125622 	0.874638
369	200   	0.874464	0.000966319	0.874984
370	200   	0.874586	0.00138212 	0.875044
371	200   	0.874652	0.00176763 	0.875097
372	200   	0.874758	0.00131367 	0.875156
373	200   	0.874808	0.00165599 	0.875339
374	200   	0.875006	0.00165917 	0.875434
375	200   	0.874943	0.00175655 	0.875473
376	200   	0.875169	0.00112619 	0.875505
377	200   	0.875156	0.00135812 	0.875519
378	200   	0.875039	0.00188113 	0.875539
379	200   	0.875155	0.00151649 	0.875687
380	200   	0.875006	0.00258601 	0.875724
381	200   	0.875409	0.00119755 	0.875738
382	200   	0.875487	0.00101253 	0.875801
383	200   	0.875391	0.0018652  	0.875897
384	200   	0.87549 	0.00168639 	0.87599 
385	200   	0.87554 	0.00201586 	0.876016
386	200   	0.875674	0.00126866 	0.876051
387	200   	0.875701	0.00156133 	0.876066
388	200   	0.875682	0.00197764 	0.876655
389	200   	0.876145	0.00187042 	0.876689
390	200   	0.876179	0.00181626 	0.876719
391	200   	0.876457	0.00107945 	0.876844
392	200   	0.876335	0.00194261 	0.876866
393	200   	0.876525	0.00132097 	0.876904
394	200   	0.876357	0.00178022 	0.876948
395	200   	0.876649	0.00133239 	0.876991
396	200   	0.876489	0.00186686 	0.877024
397	200   	0.876817	0.00100653 	0.878491
398	200   	0.878168	0.0013234  	0.878565
399	200   	0.878231	0.00184496 	0.878622
400	200   	0.878314	0.00116767 	0.878685
401	200   	0.878149	0.00207053 	0.878857
402	200   	0.878465	0.00130516 	0.87889 
403	200   	0.878217	0.00236045 	0.87894 
404	200   	0.878427	0.00213487 	0.878948
405	200   	0.878543	0.00149277 	0.87905 
406	200   	0.878603	0.00177952 	0.879229
407	200   	0.878921	0.00129018 	0.87929 
408	200   	0.879065	0.00142403 	0.879343
409	200   	0.878864	0.00149178 	0.879518
410	200   	0.879216	0.00107335 	0.879577
411	200   	0.879276	0.00104105 	0.879595
412	200   	0.879209	0.00154375 	0.879618
413	200   	0.879254	0.00166546 	0.879636
414	200   	0.879113	0.0020081  	0.879684
415	200   	0.879365	0.00127032 	0.879721
416	200   	0.879462	0.00106479 	0.879776
417	200   	0.879456	0.00139463 	0.879795
418	200   	0.879372	0.00188498 	0.879963
419	200   	0.879591	0.00159519 	0.87999 
420	200   	0.879722	0.00104247 	0.880034
421	200   	0.879881	0.000598907	0.880071
422	200   	0.879724	0.00159004 	0.880141
423	200   	0.879817	0.0011329  	0.88017 
424	200   	0.879822	0.00128226 	0.880258
425	200   	0.880037	0.00108012 	0.880279
426	200   	0.879692	0.00201815 	0.880332
427	200   	0.879969	0.0015047  	0.880348
428	200   	0.88007 	0.00111804 	0.880401
429	200   	0.880171	0.000930473	0.880481
430	200   	0.880206	0.00113328 	0.880539
431	200   	0.880224	0.0012365  	0.880616
432	200   	0.88025 	0.00156268 	0.880625
433	200   	0.88025 	0.00129954 	0.880712
434	200   	0.880443	0.00105091 	0.880743
435	200   	0.880416	0.00131841 	0.880755
436	200   	0.880187	0.00207571 	0.880786
437	200   	0.880441	0.00167845 	0.880819
438	200   	0.880396	0.00155261 	0.880845
439	200   	0.880552	0.00114669 	0.880865
440	200   	0.880453	0.00144164 	0.880981
441	200   	0.880689	0.00116386 	0.880998
442	200   	0.88071 	0.00103419 	0.881073
443	200   	0.880583	0.00174249 	0.881115
444	200   	0.880597	0.00192097 	0.881139
445	200   	0.880675	0.00166084 	0.881264
446	200   	0.880594	0.00237159 	0.881288
447	200   	0.880736	0.00223485 	0.881335
448	200   	0.881017	0.00127296 	0.881383
449	200   	0.880917	0.00170757 	0.881418
450	200   	0.88086 	0.00207642 	0.881555
451	200   	0.881055	0.00176217 	0.881591
452	200   	0.881227	0.00121587 	0.88162 
453	200   	0.881375	0.000950791	0.881646
454	200   	0.881107	0.00183373 	0.881693
455	200   	0.881273	0.0015744  	0.881726
456	200   	0.881316	0.00155119 	0.881761
457	200   	0.881537	0.000815325	0.881782
458	200   	0.881324	0.00188798 	0.881867
459	200   	0.881449	0.00135751 	0.881971
460	200   	0.881525	0.00162599 	0.882026
461	200   	0.881612	0.00170155 	0.88207 
462	200   	0.881807	0.00121124 	0.882097
463	200   	0.881686	0.00179155 	0.882141
464	200   	0.881785	0.00128472 	0.882191
465	200   	0.881881	0.0012939  	0.882212
466	200   	0.882017	0.000742616	0.882237
467	200   	0.881757	0.00186857 	0.882268
468	200   	0.881807	0.00152485 	0.882378
469	200   	0.882074	0.00123333 	0.882401
470	200   	0.882177	0.000869718	0.882445
471	200   	0.882071	0.00145234 	0.882472
472	200   	0.882174	0.00131855 	0.882594
473	200   	0.882165	0.00172796 	0.882645
474	200   	0.882305	0.00121257 	0.882729
475	200   	0.882315	0.00169319 	0.882744
476	200   	0.882358	0.0014517  	0.882797
477	200   	0.882418	0.00153708 	0.882853
478	200   	0.882546	0.00160496 	0.882909
479	200   	0.882352	0.00228944 	0.882939
480	200   	0.882685	0.00101344 	0.882995
481	200   	0.882503	0.00194267 	0.883076
482	200   	0.882773	0.00114448 	0.883096
483	200   	0.882639	0.00164256 	0.883256
484	200   	0.882835	0.00169184 	0.883489
485	200   	0.883101	0.00135432 	0.883532
486	200   	0.883128	0.00145487 	0.883589
487	200   	0.883043	0.00235575 	0.883641
488	200   	0.883338	0.00097862 	0.883677
489	200   	0.883427	0.00117946 	0.883797
490	200   	0.883323	0.00195846 	0.883807
491	200   	0.883513	0.00132709 	0.883835
492	200   	0.883386	0.00192356 	0.8839  
493	200   	0.883377	0.00202483 	0.883972
494	200   	0.883637	0.00137583 	0.883994
495	200   	0.883624	0.00147209 	0.884045
496	200   	0.883729	0.00166274 	0.88419 
497	200   	0.883873	0.00114993 	0.884217
498	200   	0.883792	0.00134294 	0.884243
499	200   	0.883844	0.00162237 	0.884336
500	200   	0.883804	0.00196745 	0.884363