Execution of the code with theses parameters
On this image bro 5c.png
generations : 300
generations2 :200
population_size :200
seed : 21
polygons :5
mutation_rate :1
mating_prob : 0.1
mutate_pt :0.6
shuffle :0.05
remove_poly :0.05
add_poly :0.1
change_cr :0.1
add_pt :0.1
independance :False
mutate_pt2 :0.8
shuffle2 :0.05
remove_poly20.02
add_poly2 :0.05
change_cr2 :0.03
add_pt2 :0.05
independance2 :FalseWe got theses results 
gen	nevals	avg     	std        	max     
0  	200   	0.656852	0.00848322 	0.691552
1  	197   	0.691734	0.00281869 	0.704522
2  	197   	0.704751	0.00248065 	0.726131
3  	197   	0.726075	0.00160322 	0.736509
4  	197   	0.736418	0.00101304 	0.740965
5  	197   	0.740962	0.000515662	0.743975
6  	197   	0.743902	0.000464957	0.745393
7  	197   	0.745285	0.000772997	0.75059 
8  	197   	0.750529	0.000959706	0.754125
9  	197   	0.753934	0.000843026	0.755266
10 	197   	0.755189	0.000587754	0.757873
11 	197   	0.757785	0.00087773 	0.762039
12 	197   	0.761918	0.000620312	0.763433
13 	197   	0.763209	0.000922623	0.767537
14 	197   	0.767385	0.000593649	0.768871
15 	197   	0.768574	0.00134351 	0.769847
16 	197   	0.769656	0.000719022	0.771975
17 	197   	0.77166 	0.00124054 	0.773199
18 	197   	0.772955	0.000775179	0.774013
19 	197   	0.773889	0.000476075	0.774872
20 	197   	0.774688	0.00110032 	0.775766
21 	197   	0.775501	0.000815255	0.776135
22 	197   	0.776005	0.000629371	0.778576
23 	197   	0.778436	0.000681115	0.779847
24 	197   	0.779641	0.000930035	0.780771
25 	197   	0.780437	0.00102278 	0.781068
26 	197   	0.780923	0.000684849	0.781672
27 	197   	0.781506	0.000674622	0.782665
28 	197   	0.782331	0.00124548 	0.783422
29 	197   	0.783285	0.000615899	0.783933
30 	197   	0.783624	0.00121525 	0.784568
31 	197   	0.784112	0.00174304 	0.784916
32 	197   	0.784713	0.000989785	0.787345
33 	197   	0.787117	0.000710227	0.78845 
34 	197   	0.78816 	0.000841299	0.790118
35 	197   	0.789818	0.00100005 	0.790677
36 	197   	0.790442	0.000872197	0.791294
37 	197   	0.790969	0.00109377 	0.791691
38 	197   	0.791468	0.00095287 	0.792171
39 	197   	0.791789	0.00139578 	0.79384 
40 	197   	0.793571	0.000886262	0.794252
41 	197   	0.794006	0.000774548	0.794938
42 	197   	0.794598	0.00134994 	0.796173
43 	197   	0.795742	0.00153092 	0.796431
44 	197   	0.796211	0.00076057 	0.797157
45 	197   	0.796982	0.000742308	0.79856 
46 	197   	0.798277	0.000999381	0.799129
47 	197   	0.798955	0.000653357	0.800313
48 	197   	0.800045	0.00111838 	0.800649
49 	197   	0.800377	0.0010495  	0.801225
50 	197   	0.80084 	0.0013761  	0.80147 
51 	197   	0.801117	0.00106845 	0.801725
52 	197   	0.801349	0.00122777 	0.802226
53 	197   	0.801917	0.00106478 	0.80315 
54 	197   	0.802787	0.00139556 	0.80373 
55 	197   	0.803548	0.000593075	0.805329
56 	197   	0.805011	0.000905488	0.805927
57 	197   	0.805516	0.00124074 	0.806178
58 	197   	0.805902	0.000962022	0.806795
59 	197   	0.806504	0.00118467 	0.806989
60 	197   	0.806728	0.000886573	0.807661
61 	197   	0.80728 	0.00141303 	0.808161
62 	197   	0.807804	0.00102352 	0.808901
63 	197   	0.80856 	0.00112614 	0.809305
64 	197   	0.809055	0.000925609	0.809545
65 	197   	0.809091	0.0016149  	0.809911
66 	197   	0.809627	0.000948466	0.810105
67 	197   	0.80972 	0.00129831 	0.810861
68 	197   	0.810535	0.00108567 	0.811375
69 	197   	0.811025	0.00114643 	0.81193 
70 	197   	0.81159 	0.00100265 	0.812331
71 	197   	0.811966	0.00115634 	0.812463
72 	197   	0.812128	0.00108863 	0.812721
73 	197   	0.81253 	0.00058946 	0.81298 
74 	197   	0.812467	0.00193146 	0.813213
75 	197   	0.812746	0.00168723 	0.813775
76 	197   	0.813317	0.0019302  	0.815079
77 	197   	0.814683	0.00153823 	0.815185
78 	197   	0.814829	0.00123377 	0.815669
79 	197   	0.815336	0.00125995 	0.81586 
80 	197   	0.815287	0.00220394 	0.816065
81 	197   	0.815491	0.00187059 	0.816558
82 	197   	0.816235	0.00123954 	0.816849
83 	197   	0.81641 	0.00151284 	0.8169  
84 	197   	0.816542	0.00121084 	0.817119
85 	197   	0.816742	0.00103397 	0.817226
86 	197   	0.816905	0.000942823	0.817672
87 	197   	0.817352	0.00126034 	0.817939
88 	197   	0.817818	0.000471771	0.819036
89 	197   	0.818443	0.00198614 	0.819305
90 	197   	0.81906 	0.000845761	0.820041
91 	197   	0.819327	0.00204162 	0.820315
92 	197   	0.819955	0.00106541 	0.82052 
93 	197   	0.820109	0.00125232 	0.82071 
94 	197   	0.820236	0.00141931 	0.820885
95 	197   	0.820215	0.00216509 	0.821194
96 	197   	0.820797	0.00119419 	0.82225 
97 	197   	0.822053	0.000866077	0.822395
98 	197   	0.82188 	0.00158869 	0.822652
99 	197   	0.822038	0.00190662 	0.82348 
100	197   	0.823031	0.00144424 	0.824193
101	197   	0.82377 	0.0015258  	0.824376
102	197   	0.823965	0.00132337 	0.824844
103	197   	0.824429	0.00158214 	0.826089
104	197   	0.825825	0.00096336 	0.826345
105	197   	0.82581 	0.00170113 	0.826539
106	197   	0.826152	0.00120821 	0.826751
107	197   	0.82625 	0.00127323 	0.827043
108	197   	0.826646	0.00115993 	0.827181
109	197   	0.826745	0.0014454  	0.827455
110	197   	0.82709 	0.00139366 	0.827662
111	197   	0.82723 	0.00152699 	0.827801
112	197   	0.827281	0.00163378 	0.82789 
113	197   	0.827606	0.000982526	0.8282  
114	197   	0.827945	0.000756277	0.828617
115	197   	0.828136	0.00154979 	0.829041
116	197   	0.828605	0.00126553 	0.829512
117	197   	0.828744	0.00212929 	0.829571
118	197   	0.828889	0.00205514 	0.829792
119	197   	0.829364	0.00156853 	0.830002
120	197   	0.82941 	0.00179253 	0.83047 
121	197   	0.830062	0.00129175 	0.830824
122	197   	0.830482	0.000969351	0.833018
123	197   	0.832514	0.00130905 	0.833087
124	197   	0.832635	0.0013677  	0.833428
125	197   	0.833002	0.00130382 	0.833959
126	197   	0.833524	0.00164857 	0.83692 
127	197   	0.836261	0.00185452 	0.837224
128	197   	0.836813	0.00150731 	0.837623
129	197   	0.837159	0.001752   	0.838093
130	197   	0.837639	0.00201443 	0.838133
131	197   	0.837765	0.00170673 	0.838365
132	197   	0.838047	0.00120816 	0.838547
133	197   	0.838206	0.00108004 	0.838735
134	197   	0.838237	0.00183963 	0.838994
135	197   	0.838443	0.00182793 	0.839909
136	197   	0.839425	0.00154874 	0.839996
137	197   	0.839684	0.000887038	0.840137
138	197   	0.839641	0.00142849 	0.840262
139	197   	0.839942	0.00104973 	0.840521
140	197   	0.840016	0.00172357 	0.842701
141	197   	0.842081	0.00186084 	0.842829
142	197   	0.842277	0.00152787 	0.843229
143	197   	0.84289 	0.00111966 	0.843414
144	197   	0.84298 	0.00136066 	0.843767
145	197   	0.84326 	0.001589   	0.843873
146	197   	0.843359	0.00188518 	0.844259
147	197   	0.843642	0.00185494 	0.844327
148	197   	0.844055	0.000861609	0.844407
149	197   	0.843884	0.0016506  	0.844833
150	197   	0.844355	0.00167627 	0.84493 
151	197   	0.844455	0.00159453 	0.845394
152	197   	0.84498 	0.00134795 	0.845856
153	197   	0.84533 	0.00158418 	0.845922
154	197   	0.845317	0.00177713 	0.846127
155	197   	0.845608	0.00145774 	0.84625 
156	197   	0.845747	0.00160795 	0.846449
157	197   	0.845915	0.00156101 	0.846518
158	197   	0.846044	0.00151116 	0.846867
159	197   	0.846334	0.00152732 	0.846911
160	197   	0.846456	0.00160946 	0.847074
161	197   	0.846585	0.00145586 	0.847195
162	197   	0.846872	0.0011483  	0.847367
163	197   	0.846766	0.00168671 	0.847792
164	197   	0.847352	0.00157648 	0.84789 
165	197   	0.847385	0.00198161 	0.84802 
166	197   	0.847633	0.0014822  	0.848528
167	197   	0.847846	0.00194557 	0.848669
168	197   	0.847959	0.00228884 	0.848928
169	197   	0.848364	0.00164153 	0.849102
170	197   	0.848662	0.00129666 	0.849221
171	197   	0.848877	0.00123807 	0.84933 
172	197   	0.848714	0.00186321 	0.849361
173	197   	0.849017	0.00128115 	0.849569
174	197   	0.848974	0.001854   	0.849634
175	197   	0.849138	0.00180912 	0.85005 
176	197   	0.849347	0.00237479 	0.850223
177	197   	0.849813	0.00135671 	0.850705
178	197   	0.850192	0.00180987 	0.850922
179	197   	0.85033 	0.00182398 	0.850999
180	197   	0.850467	0.00156949 	0.851145
181	197   	0.850577	0.00175824 	0.851784
182	197   	0.851201	0.00249903 	0.852112
183	197   	0.85168 	0.0013723  	0.852258
184	197   	0.851889	0.0011092  	0.852568
185	197   	0.852036	0.00137969 	0.85297 
186	197   	0.851945	0.00252217 	0.853067
187	197   	0.852526	0.00166671 	0.853303
188	197   	0.852902	0.00138735 	0.853527
189	197   	0.85306 	0.00151477 	0.853677
190	197   	0.85324 	0.00127302 	0.853893
191	197   	0.853355	0.00174442 	0.853986
192	197   	0.853665	0.00129304 	0.854285
193	197   	0.853649	0.00198335 	0.854362
194	197   	0.853835	0.00189026 	0.854527
195	197   	0.85406 	0.00158278 	0.854642
196	197   	0.854369	0.00103555 	0.854973
197	197   	0.854453	0.00180608 	0.85516 
198	197   	0.854588	0.00153649 	0.855263
199	197   	0.854661	0.00186843 	0.855675
200	197   	0.85516 	0.00180646 	0.855828
201	197   	0.855524	0.000908299	0.855963
202	197   	0.85515 	0.00225028 	0.856149
203	197   	0.855558	0.00211968 	0.856628
204	197   	0.856146	0.00147322 	0.856818
205	197   	0.856339	0.00188432 	0.857362
206	197   	0.856751	0.00167614 	0.857552
207	197   	0.857089	0.00148013 	0.857711
208	197   	0.857081	0.00205159 	0.857765
209	197   	0.857198	0.00189325 	0.858123
210	197   	0.857555	0.00195165 	0.858733
211	197   	0.858238	0.00184213 	0.859002
212	197   	0.858449	0.00171958 	0.859191
213	197   	0.858508	0.00191999 	0.859314
214	197   	0.858704	0.00239961 	0.859757
215	197   	0.859317	0.00145921 	0.859809
216	197   	0.859406	0.00119383 	0.860006
217	197   	0.859505	0.00168593 	0.860102
218	197   	0.859449	0.00201778 	0.860498
219	197   	0.85995 	0.001872   	0.860537
220	197   	0.859956	0.00165161 	0.860619
221	197   	0.859994	0.00179476 	0.860666
222	197   	0.860174	0.0015596  	0.860725
223	197   	0.860302	0.00140309 	0.861192
224	197   	0.860571	0.00169217 	0.861271
225	197   	0.860739	0.00160173 	0.861492
226	197   	0.861116	0.00164076 	0.861606
227	197   	0.861067	0.00252032 	0.861739
228	197   	0.860992	0.00226857 	0.862125
229	197   	0.861438	0.00197606 	0.862305
230	197   	0.861619	0.00189053 	0.862387
231	197   	0.861285	0.00271316 	0.862452
232	197   	0.861759	0.00210958 	0.862504
233	197   	0.861616	0.00258804 	0.862601
234	197   	0.862107	0.00156929 	0.862729
235	197   	0.862205	0.00174908 	0.864042
236	197   	0.863425	0.00164538 	0.864127
237	197   	0.863441	0.00207297 	0.864184
238	197   	0.863718	0.00144    	0.864416
239	197   	0.86373 	0.0018233  	0.864552
240	197   	0.86422 	0.00106145 	0.86473 
241	197   	0.864198	0.00185988 	0.864869
242	197   	0.864288	0.00171454 	0.864937
243	197   	0.864358	0.00166061 	0.865328
244	197   	0.86488 	0.0016459  	0.86551 
245	197   	0.864906	0.00156282 	0.865845
246	197   	0.865119	0.00238742 	0.866034
247	197   	0.865479	0.00203979 	0.866506
248	197   	0.866176	0.00121728 	0.866657
249	197   	0.866054	0.002045   	0.866746
250	197   	0.866126	0.00178024 	0.86682 
251	197   	0.866259	0.00163113 	0.867087
252	197   	0.866458	0.00200438 	0.867253
253	197   	0.866638	0.00177402 	0.867466
254	197   	0.866795	0.00178973 	0.867541
255	197   	0.867045	0.00170179 	0.867669
256	197   	0.867326	0.00118663 	0.867788
257	197   	0.867189	0.00213497 	0.867866
258	197   	0.867318	0.00165437 	0.868151
259	197   	0.867658	0.00176258 	0.868293
260	197   	0.867753	0.0014637  	0.868393
261	197   	0.867726	0.00209932 	0.868528
262	197   	0.867996	0.00158859 	0.868576
263	197   	0.868055	0.0017267  	0.868722
264	197   	0.868248	0.00151853 	0.86889 
265	197   	0.868399	0.00150181 	0.869051
266	197   	0.868659	0.00132003 	0.869173
267	197   	0.868668	0.00180974 	0.86945 
268	197   	0.868908	0.0022247  	0.869547
269	197   	0.869088	0.00145385 	0.869606
270	197   	0.869156	0.00148551 	0.869681
271	197   	0.869159	0.00161836 	0.869949
272	197   	0.869429	0.00173363 	0.870041
273	197   	0.869617	0.00143878 	0.870111
274	197   	0.869631	0.00158946 	0.870213
275	197   	0.869688	0.00161851 	0.870318
276	197   	0.869822	0.00149424 	0.870381
277	197   	0.8698  	0.0019011  	0.870465
278	197   	0.869869	0.00162866 	0.870843
279	197   	0.870194	0.00228854 	0.870896
280	197   	0.870494	0.00121413 	0.870987
281	197   	0.870509	0.00172257 	0.871109
282	197   	0.870529	0.00174199 	0.871139
283	197   	0.870748	0.00154534 	0.871826
284	197   	0.871364	0.00165429 	0.872283
285	197   	0.871656	0.00181099 	0.872355
286	197   	0.871656	0.00199866 	0.872495
287	197   	0.871896	0.00225971 	0.872628
288	197   	0.87205 	0.00208077 	0.872717
289	197   	0.872128	0.00175876 	0.872768
290	197   	0.872125	0.00220863 	0.872928
291	197   	0.872612	0.00116734 	0.873057
292	197   	0.872444	0.00198763 	0.873062
293	197   	0.872584	0.00183632 	0.873164
294	197   	0.872455	0.00210831 	0.873263
295	197   	0.87272 	0.00183535 	0.873355
296	197   	0.872684	0.00184577 	0.873432
297	197   	0.873055	0.00137249 	0.873502
298	197   	0.872859	0.00187093 	0.874243
299	197   	0.873492	0.00212203 	0.874363
300	197   	0.873927	0.00158595 	0.874496gen	nevals	avg     	std        	max     
0  	0     	0.873927	0.00158595 	0.874496
1  	197   	0.8742  	0.0015473  	0.87454 
2  	197   	0.874273	0.00113866 	0.874638
3  	197   	0.874248	0.00152876 	0.874707
4  	197   	0.874434	0.00103226 	0.874793
5  	197   	0.874216	0.00216519 	0.874903
6  	197   	0.874466	0.00179883 	0.875124
7  	197   	0.874622	0.00178432 	0.875175
8  	197   	0.874802	0.0015159  	0.875469
9  	197   	0.875108	0.00141903 	0.875563
10 	197   	0.875332	0.00086605 	0.875659
11 	197   	0.875447	0.000910353	0.875703
12 	197   	0.8754  	0.00126625 	0.875795
13 	197   	0.875396	0.00146249 	0.876051
14 	197   	0.875755	0.00124384 	0.876147
15 	197   	0.875895	0.00106713 	0.876199
16 	197   	0.875896	0.00114063 	0.876308
17 	197   	0.875889	0.00148622 	0.876455
18 	197   	0.87607 	0.00144067 	0.876565
19 	197   	0.876191	0.00180533 	0.876621
20 	197   	0.876163	0.00156192 	0.876669
21 	197   	0.876453	0.000899793	0.876723
22 	197   	0.876544	0.000769306	0.87692 
23 	197   	0.876465	0.00170543 	0.876983
24 	197   	0.876764	0.000903819	0.877076
25 	197   	0.876746	0.00145747 	0.877117
26 	197   	0.876836	0.00126204 	0.877142
27 	197   	0.876906	0.00123232 	0.877349
28 	197   	0.877087	0.0013637  	0.877462
29 	197   	0.877152	0.0011071  	0.877485
30 	197   	0.877165	0.00111809 	0.877607
31 	197   	0.877197	0.00170484 	0.877652
32 	197   	0.877431	0.00102976 	0.8777  
33 	197   	0.877365	0.00115733 	0.877768
34 	197   	0.87758 	0.00073961 	0.877826
35 	197   	0.877654	0.000706042	0.87788 
36 	197   	0.877641	0.00104521 	0.878017
37 	197   	0.877648	0.00174842 	0.878151
38 	197   	0.877855	0.00130897 	0.878166
39 	197   	0.877795	0.00136258 	0.878225
40 	197   	0.877782	0.00159362 	0.878278
41 	197   	0.878099	0.000728429	0.878518
42 	197   	0.878245	0.00119765 	0.878577
43 	197   	0.87842 	0.000678722	0.878618
44 	197   	0.878343	0.000862901	0.878646
45 	197   	0.878452	0.000718957	0.878791
46 	197   	0.878362	0.00172399 	0.878874
47 	197   	0.878421	0.00162048 	0.879236
48 	197   	0.878924	0.00139181 	0.879317
49 	197   	0.878961	0.00103556 	0.879348
50 	197   	0.87923 	0.000668485	0.879455
51 	197   	0.879192	0.00124112 	0.879514
52 	197   	0.879147	0.00152151 	0.879667
53 	197   	0.879389	0.00124035 	0.879777
54 	197   	0.879632	0.000725893	0.879978
55 	197   	0.879719	0.00132595 	0.8801  
56 	197   	0.879898	0.000756589	0.88013 
57 	197   	0.879851	0.00113088 	0.880159
58 	197   	0.879861	0.00144276 	0.880216
59 	197   	0.879858	0.00131451 	0.880238
60 	197   	0.879983	0.000876371	0.880322
61 	197   	0.880056	0.00101044 	0.88039 
62 	197   	0.880171	0.000801604	0.88043 
63 	197   	0.880187	0.00109874 	0.880674
64 	197   	0.880392	0.00112464 	0.880703
65 	197   	0.880363	0.00166917 	0.880797
66 	197   	0.880389	0.00199622 	0.880832
67 	197   	0.880552	0.00151293 	0.880917
68 	197   	0.880643	0.00108986 	0.881065
69 	197   	0.880739	0.00106643 	0.881138
70 	197   	0.880733	0.00192926 	0.881193
71 	197   	0.880974	0.000972923	0.881216
72 	197   	0.881021	0.00111273 	0.881323
73 	197   	0.880938	0.00161328 	0.881452
74 	197   	0.881191	0.00117173 	0.881583
75 	197   	0.881221	0.00154297 	0.881677
76 	197   	0.881324	0.00137528 	0.881837
77 	197   	0.881572	0.00108172 	0.881885
78 	197   	0.881422	0.0017298  	0.88226 
79 	197   	0.881861	0.00148544 	0.882274
80 	197   	0.882004	0.000925396	0.882298
81 	197   	0.882001	0.00162509 	0.882405
82 	197   	0.88217 	0.00084501 	0.882479
83 	197   	0.882167	0.0016193  	0.882526
84 	197   	0.882208	0.00130133 	0.882549
85 	197   	0.882091	0.00174496 	0.88268 
86 	197   	0.882374	0.00163835 	0.882851
87 	197   	0.882621	0.000955543	0.88289 
88 	197   	0.882494	0.00140354 	0.882972
89 	197   	0.882748	0.00100935 	0.883335
90 	197   	0.882877	0.00198151 	0.883412
91 	197   	0.883088	0.0012732  	0.883509
92 	197   	0.883237	0.000823157	0.883562
93 	197   	0.883236	0.0013838  	0.883596
94 	197   	0.883351	0.000959984	0.88374 
95 	197   	0.883334	0.0014338  	0.883782
96 	197   	0.883455	0.00118439 	0.883883
97 	197   	0.883455	0.00157961 	0.883896
98 	197   	0.883582	0.0011977  	0.883955
99 	197   	0.883689	0.00131585 	0.884027
100	197   	0.883743	0.00117164 	0.884095
101	197   	0.883721	0.00142804 	0.88415 
102	197   	0.883901	0.000809578	0.884203
103	197   	0.883948	0.000786537	0.884311
104	197   	0.884093	0.00101097 	0.88435 
105	197   	0.884173	0.000580877	0.88442 
106	197   	0.884054	0.00164801 	0.884482
107	197   	0.884142	0.00154121 	0.884555
108	197   	0.884141	0.00156068 	0.884658
109	197   	0.884251	0.00148884 	0.884695
110	197   	0.884355	0.00174361 	0.88472 
111	197   	0.884267	0.00152531 	0.884792
112	197   	0.884416	0.00122815 	0.884833
113	197   	0.884534	0.00138171 	0.884933
114	197   	0.88469 	0.00123176 	0.884971
115	197   	0.884606	0.00132021 	0.885031
116	197   	0.884558	0.00172068 	0.885101
117	197   	0.884754	0.00115266 	0.885135
118	197   	0.884767	0.00124589 	0.885232
119	197   	0.884785	0.00165147 	0.88529 
120	197   	0.88485 	0.00149856 	0.885345
121	197   	0.88505 	0.00177116 	0.885466
122	197   	0.88501 	0.00147094 	0.885703
123	197   	0.885201	0.00154466 	0.885866
124	197   	0.885624	0.000839255	0.885892
125	197   	0.885473	0.00148509 	0.885924
126	197   	0.885605	0.00137387 	0.88597 
127	197   	0.885563	0.00205624 	0.886047
128	197   	0.885614	0.00167454 	0.886146
129	197   	0.885853	0.00123868 	0.886176
130	197   	0.885708	0.00184362 	0.886198
131	197   	0.885598	0.00205055 	0.886516
132	197   	0.886114	0.00139627 	0.886552
133	197   	0.886293	0.00137808 	0.886609
134	197   	0.886358	0.000947156	0.886751
135	197   	0.886384	0.0013935  	0.886785
136	197   	0.886477	0.00111254 	0.886805
137	197   	0.886193	0.00303917 	0.886827
138	197   	0.886356	0.00166703 	0.88687 
139	197   	0.886666	0.00107416 	0.886887
140	197   	0.886468	0.0017972  	0.886925
141	197   	0.886554	0.00136256 	0.88701 
142	197   	0.886762	0.00105168 	0.887049
143	197   	0.886774	0.0013712  	0.88711 
144	197   	0.886603	0.00194376 	0.887164
145	197   	0.886925	0.000919326	0.887346
146	197   	0.886932	0.00164775 	0.887417
147	197   	0.887082	0.00122308 	0.887456
148	197   	0.887108	0.00126777 	0.887492
149	197   	0.887114	0.00133264 	0.887669
150	197   	0.887425	0.00129712 	0.887691
151	197   	0.887408	0.00103815 	0.887742
152	197   	0.887396	0.00148984 	0.887821
153	197   	0.887468	0.00141291 	0.88787 
154	197   	0.88742 	0.00192986 	0.887897
155	197   	0.887512	0.00168572 	0.887938
156	197   	0.887678	0.00105476 	0.887958
157	197   	0.887351	0.00249978 	0.88802 
158	197   	0.887526	0.00179775 	0.888163
159	197   	0.887914	0.000994565	0.888187
160	197   	0.887768	0.00150252 	0.888235
161	197   	0.887952	0.00114859 	0.888256
162	197   	0.887766	0.00162786 	0.888292
163	197   	0.887939	0.0012653  	0.888328
164	197   	0.887753	0.0017535  	0.888426
165	197   	0.888217	0.000959813	0.888476
166	197   	0.888225	0.00122296 	0.888547
167	197   	0.888154	0.00150171 	0.888592
168	197   	0.888182	0.0017224  	0.888611
169	197   	0.888256	0.001687   	0.888629
170	197   	0.888166	0.00207897 	0.888686
171	197   	0.888267	0.00141757 	0.888717
172	197   	0.888388	0.00142432 	0.888735
173	197   	0.888301	0.00187169 	0.888854
174	197   	0.888554	0.00123327 	0.888872
175	197   	0.888482	0.00126641 	0.888902
176	197   	0.888467	0.00140627 	0.88896 
177	197   	0.88863 	0.00174236 	0.889066
178	197   	0.888719	0.00166061 	0.889078
179	197   	0.888762	0.00116338 	0.889137
180	197   	0.888797	0.00235147 	0.889175
181	197   	0.888964	0.000815157	0.889221
182	197   	0.888868	0.00114866 	0.889261
183	197   	0.888808	0.00152769 	0.88929 
184	197   	0.88883 	0.00174198 	0.889336
185	197   	0.888912	0.00170623 	0.889373
186	197   	0.888892	0.00191622 	0.889434
187	197   	0.889149	0.00114547 	0.889466
188	197   	0.889035	0.00145773 	0.889486
189	197   	0.889103	0.00178727 	0.889545
190	197   	0.88916 	0.00144825 	0.889602
191	197   	0.889115	0.00225378 	0.889619
192	197   	0.889323	0.00131502 	0.889738
193	197   	0.889202	0.00246656 	0.889765
194	197   	0.88945 	0.00113362 	0.889787
195	197   	0.889574	0.00119248 	0.889849
196	197   	0.889584	0.00116196 	0.889865
197	197   	0.889417	0.00156083 	0.88996 
198	197   	0.889495	0.00171227 	0.890034
199	197   	0.889659	0.00143952 	0.890063
200	197   	0.889522	0.00183295 	0.890139