Execution of the code with theses parameters
On this image bro 5c.png
generations : 500
generations2 :0
population_size :200
seed : 21
polygons :5
mutation_rate :1
mating_prob : 0.05
mutate_pt :0.6
shuffle :0.05
remove_poly :0.05
add_poly :0.1
change_cr :0.1
add_pt :0.1
independance :False
mutate_pt2 :0.8
shuffle2 :0.05
remove_poly20.02
add_poly2 :0.05
change_cr2 :0.03
add_pt2 :0.05
independance2 :FalseWe got theses results 
gen	nevals	avg     	std        	max     
0  	200   	0.656852	0.00848322 	0.691552
1  	200   	0.691782	0.00275701 	0.704522
2  	200   	0.704742	0.00256204 	0.726131
3  	200   	0.726216	0.00110182 	0.736509
4  	200   	0.736488	0.000709716	0.740965
5  	200   	0.740955	0.000480983	0.743975
6  	200   	0.743902	0.000479212	0.74636 
7  	200   	0.746376	0.000776747	0.755664
8  	200   	0.755582	0.000861097	0.762433
9  	200   	0.762181	0.00116283 	0.764196
10 	200   	0.764043	0.000810929	0.766383
11 	200   	0.766067	0.00135484 	0.76805 
12 	200   	0.767851	0.00113098 	0.76959 
13 	200   	0.769361	0.000980392	0.772221
14 	200   	0.771904	0.00143549 	0.773916
15 	200   	0.773727	0.000879764	0.775725
16 	200   	0.775462	0.00100975 	0.776389
17 	200   	0.776186	0.000781313	0.777126
18 	200   	0.776951	0.000823217	0.778124
19 	200   	0.777919	0.000744587	0.778788
20 	200   	0.778686	0.00056686 	0.780094
21 	200   	0.77995 	0.00072478 	0.78061 
22 	200   	0.780524	0.000496347	0.781687
23 	200   	0.781514	0.000876963	0.782485
24 	200   	0.78224 	0.000986813	0.783605
25 	200   	0.783364	0.000985238	0.784086
26 	200   	0.78384 	0.000795836	0.784864
27 	200   	0.784737	0.000529391	0.785625
28 	200   	0.785388	0.000760267	0.786829
29 	200   	0.786595	0.0008156  	0.787618
30 	200   	0.787282	0.00116662 	0.787944
31 	200   	0.78773 	0.000852968	0.789146
32 	200   	0.78884 	0.00102458 	0.789687
33 	200   	0.789404	0.000959994	0.78991 
34 	200   	0.789633	0.00130801 	0.790496
35 	200   	0.790098	0.00137269 	0.79125 
36 	200   	0.790974	0.00101764 	0.791445
37 	200   	0.79092 	0.00175674 	0.792105
38 	200   	0.791738	0.00119507 	0.792901
39 	200   	0.792642	0.000882675	0.793307
40 	200   	0.793069	0.000699733	0.793426
41 	200   	0.79322 	0.000806135	0.795308
42 	200   	0.794959	0.0012432  	0.795781
43 	200   	0.79541 	0.00151072 	0.796615
44 	200   	0.796229	0.00109002 	0.796763
45 	200   	0.796454	0.0012629  	0.797786
46 	200   	0.797619	0.000622396	0.79812 
47 	200   	0.797789	0.00124869 	0.798246
48 	200   	0.797815	0.00122902 	0.798592
49 	200   	0.798168	0.00177721 	0.799132
50 	200   	0.798761	0.00144129 	0.799574
51 	200   	0.799347	0.000865915	0.80006 
52 	200   	0.799794	0.000660325	0.80092 
53 	200   	0.800534	0.00120981 	0.80111 
54 	200   	0.800817	0.00114349 	0.801918
55 	200   	0.8016  	0.00094474 	0.802277
56 	200   	0.801883	0.00142233 	0.802841
57 	200   	0.802235	0.00173355 	0.802934
58 	200   	0.802571	0.00114852 	0.803017
59 	200   	0.802554	0.00141339 	0.803328
60 	200   	0.802988	0.00112076 	0.803657
61 	200   	0.803221	0.00143345 	0.803834
62 	200   	0.80348 	0.00112352 	0.804282
63 	200   	0.803949	0.00112595 	0.804794
64 	200   	0.804399	0.00142592 	0.805074
65 	200   	0.804639	0.00123099 	0.805763
66 	200   	0.805393	0.00141836 	0.8059  
67 	200   	0.805521	0.00176624 	0.806673
68 	200   	0.806286	0.0011889  	0.807161
69 	200   	0.806868	0.00105015 	0.808237
70 	200   	0.808024	0.000900551	0.808853
71 	200   	0.808555	0.0010155  	0.809093
72 	200   	0.808781	0.00110715 	0.810116
73 	200   	0.809832	0.000972783	0.81024 
74 	200   	0.809646	0.00158582 	0.810421
75 	200   	0.810157	0.00100574 	0.810481
76 	200   	0.810239	0.000693985	0.811061
77 	200   	0.810855	0.000741224	0.812051
78 	200   	0.811617	0.00157291 	0.812368
79 	200   	0.811853	0.0018305  	0.812508
80 	200   	0.812127	0.00124325 	0.812773
81 	200   	0.812393	0.00133687 	0.812999
82 	200   	0.812685	0.00117195 	0.813162
83 	200   	0.812834	0.00123233 	0.813694
84 	200   	0.81317 	0.00157369 	0.813792
85 	200   	0.813433	0.00126052 	0.814591
86 	200   	0.814109	0.00157173 	0.814811
87 	200   	0.814346	0.00158415 	0.814963
88 	200   	0.814591	0.00138661 	0.815416
89 	200   	0.814972	0.00169946 	0.815678
90 	200   	0.815386	0.000991225	0.815865
91 	200   	0.815282	0.00170189 	0.815931
92 	200   	0.815541	0.00162896 	0.816065
93 	200   	0.815674	0.00110328 	0.816734
94 	200   	0.816245	0.00176106 	0.816867
95 	200   	0.816716	0.000647551	0.817156
96 	200   	0.816714	0.00149323 	0.817565
97 	200   	0.817231	0.00109949 	0.818199
98 	200   	0.817843	0.00113381 	0.818559
99 	200   	0.818239	0.00100975 	0.818835
100	200   	0.818467	0.00118783 	0.819033
101	200   	0.818657	0.00126079 	0.819367
102	200   	0.818869	0.00158207 	0.819498
103	200   	0.819096	0.00128752 	0.819689
104	200   	0.81916 	0.00174524 	0.819949
105	200   	0.819493	0.0016175  	0.820097
106	200   	0.819739	0.0012074  	0.820256
107	200   	0.819891	0.0012028  	0.820587
108	200   	0.820073	0.00158533 	0.820773
109	200   	0.820147	0.00207837 	0.821956
110	200   	0.821505	0.00180165 	0.82213 
111	200   	0.821471	0.00184749 	0.822369
112	200   	0.82176 	0.00205743 	0.82249 
113	200   	0.822187	0.00090956 	0.822752
114	200   	0.822378	0.0013032  	0.822941
115	200   	0.822595	0.0011197  	0.82305 
116	200   	0.822853	0.000705403	0.824153
117	200   	0.823812	0.00107213 	0.824445
118	200   	0.824205	0.000716   	0.825839
119	200   	0.825356	0.00155658 	0.82663 
120	200   	0.826279	0.00131015 	0.826912
121	200   	0.826482	0.00159128 	0.82708 
122	200   	0.826457	0.00185162 	0.827462
123	200   	0.827008	0.00130298 	0.827933
124	200   	0.827342	0.00182156 	0.828683
125	200   	0.828115	0.00185949 	0.82897 
126	200   	0.828652	0.00115939 	0.8292  
127	200   	0.828671	0.00170692 	0.829813
128	200   	0.82933 	0.00167424 	0.830344
129	200   	0.82967 	0.00222363 	0.830565
130	200   	0.83004 	0.00136174 	0.830785
131	200   	0.830438	0.00120128 	0.830913
132	200   	0.830523	0.00138126 	0.831689
133	200   	0.831259	0.00138305 	0.831859
134	200   	0.831488	0.001268   	0.832024
135	200   	0.831475	0.00159781 	0.833178
136	200   	0.832522	0.00199586 	0.833489
137	200   	0.833092	0.00153818 	0.833639
138	200   	0.833157	0.00153491 	0.834099
139	200   	0.833785	0.000904481	0.834137
140	200   	0.833546	0.00209891 	0.834179
141	200   	0.833764	0.00139975 	0.834342
142	200   	0.833749	0.00171946 	0.834557
143	200   	0.83419 	0.00117634 	0.834688
144	200   	0.834325	0.00117182 	0.83525 
145	200   	0.834838	0.00124774 	0.835495
146	200   	0.834941	0.0016356  	0.83565 
147	200   	0.834949	0.00213299 	0.835741
148	200   	0.835292	0.00157528 	0.836273
149	200   	0.835713	0.0016928  	0.836488
150	200   	0.835954	0.00172528 	0.836562
151	200   	0.836003	0.00201696 	0.836932
152	200   	0.836539	0.00138637 	0.837064
153	200   	0.836488	0.00163918 	0.837179
154	200   	0.836792	0.00137369 	0.83729 
155	200   	0.836875	0.00118957 	0.837381
156	200   	0.836985	0.00134007 	0.837495
157	200   	0.836818	0.00222419 	0.837674
158	200   	0.836967	0.00207677 	0.837909
159	200   	0.837438	0.0014305  	0.838072
160	200   	0.837293	0.002563   	0.83828 
161	200   	0.837768	0.00139475 	0.838995
162	200   	0.83837 	0.00205549 	0.839269
163	200   	0.838879	0.00138198 	0.839776
164	200   	0.839257	0.00147051 	0.839953
165	200   	0.83935 	0.00207569 	0.840083
166	200   	0.83951 	0.00154267 	0.840249
167	200   	0.839641	0.00189292 	0.840384
168	200   	0.839776	0.00194803 	0.840653
169	200   	0.840117	0.00157731 	0.841028
170	200   	0.840619	0.00145242 	0.841195
171	200   	0.840679	0.00202187 	0.841404
172	200   	0.840791	0.00215449 	0.841569
173	200   	0.840778	0.00260644 	0.841767
174	200   	0.841362	0.00116174 	0.842031
175	200   	0.841459	0.00171059 	0.8421  
176	200   	0.841663	0.00169943 	0.842208
177	200   	0.841605	0.00176457 	0.842259
178	200   	0.841858	0.00176026 	0.842414
179	200   	0.841962	0.00142931 	0.842835
180	200   	0.84219 	0.00188956 	0.843287
181	200   	0.842716	0.00206337 	0.84338 
182	200   	0.842916	0.00154417 	0.843515
183	200   	0.843008	0.00201706 	0.84405 
184	200   	0.843439	0.00230732 	0.844402
185	200   	0.843843	0.00166609 	0.844712
186	200   	0.844099	0.00195084 	0.844742
187	200   	0.844263	0.00156101 	0.844786
188	200   	0.844492	0.00122069 	0.845335
189	200   	0.844597	0.00237605 	0.845376
190	200   	0.844766	0.0019438  	0.845609
191	200   	0.84496 	0.00207172 	0.845767
192	200   	0.845153	0.00174242 	0.845954
193	200   	0.845214	0.00213654 	0.846047
194	200   	0.845521	0.00163477 	0.846244
195	200   	0.845608	0.00186888 	0.846307
196	200   	0.845785	0.00159427 	0.846457
197	200   	0.845947	0.00177679 	0.846549
198	200   	0.846005	0.0018657  	0.846629
199	200   	0.846089	0.00153386 	0.846688
200	200   	0.846236	0.00159631 	0.846766
201	200   	0.846276	0.00169755 	0.84682 
202	200   	0.846249	0.00172764 	0.846912
203	200   	0.846345	0.00197446 	0.847014
204	200   	0.84633 	0.00216053 	0.847202
205	200   	0.846676	0.00166104 	0.847307
206	200   	0.846694	0.00189477 	0.847415
207	200   	0.846916	0.00176086 	0.847915
208	200   	0.847334	0.00190863 	0.848093
209	200   	0.847512	0.00175145 	0.849543
210	200   	0.848627	0.00239668 	0.84957 
211	200   	0.849149	0.00136269 	0.849837
212	200   	0.849194	0.00202874 	0.850042
213	200   	0.849602	0.00164783 	0.850179
214	200   	0.849591	0.00195461 	0.850254
215	200   	0.849654	0.00160921 	0.850332
216	200   	0.849768	0.00166131 	0.850427
217	200   	0.849923	0.00180953 	0.850681
218	200   	0.850074	0.00173395 	0.850871
219	200   	0.850635	0.000675428	0.851077
220	200   	0.850624	0.00133183 	0.851181
221	200   	0.850548	0.00197132 	0.851253
222	200   	0.850731	0.00182313 	0.851486
223	200   	0.850812	0.00223143 	0.851572
224	200   	0.850982	0.00215443 	0.851837
225	200   	0.851334	0.00161142 	0.852416
226	200   	0.851971	0.00131249 	0.852502
227	200   	0.85179 	0.00220251 	0.852567
228	200   	0.851851	0.00207134 	0.854286
229	200   	0.853816	0.00170863 	0.854359
230	200   	0.85365 	0.00225151 	0.85458 
231	200   	0.853971	0.00218297 	0.854731
232	200   	0.854133	0.0015175  	0.854795
233	200   	0.854241	0.00196692 	0.854866
234	200   	0.853966	0.0023291  	0.855196
235	200   	0.854951	0.000860765	0.855311
236	200   	0.855039	0.000822117	0.855433
237	200   	0.854862	0.00215537 	0.855569
238	200   	0.8552  	0.00125309 	0.855721
239	200   	0.855142	0.001651   	0.855747
240	200   	0.855188	0.00174937 	0.85579 
241	200   	0.855108	0.0018973  	0.855895
242	200   	0.855334	0.00211419 	0.856693
243	200   	0.856218	0.00157213 	0.856765
244	200   	0.856227	0.0016308  	0.856876
245	200   	0.856166	0.00238389 	0.857057
246	200   	0.856617	0.00146296 	0.85719 
247	200   	0.856743	0.00181251 	0.857333
248	200   	0.856782	0.0021322  	0.857395
249	200   	0.856775	0.00200762 	0.857459
250	200   	0.856876	0.00173965 	0.857616
251	200   	0.857068	0.00190277 	0.857953
252	200   	0.857612	0.00116403 	0.858153
253	200   	0.857553	0.00181412 	0.858192
254	200   	0.857478	0.0022028  	0.858328
255	200   	0.857848	0.00160711 	0.858468
256	200   	0.858119	0.00102528 	0.858595
257	200   	0.858098	0.00170004 	0.858744
258	200   	0.858114	0.0017158  	0.859072
259	200   	0.858496	0.00201852 	0.859267
260	200   	0.858729	0.00161649 	0.85934 
261	200   	0.858692	0.00197786 	0.859694
262	200   	0.859303	0.00136067 	0.860108
263	200   	0.859764	0.00114502 	0.860278
264	200   	0.859565	0.00218127 	0.860363
265	200   	0.859848	0.00157871 	0.860602
266	200   	0.859999	0.00202838 	0.860713
267	200   	0.860305	0.00142576 	0.860826
268	200   	0.860528	0.000858592	0.860892
269	200   	0.860272	0.00206765 	0.860947
270	200   	0.860419	0.00198064 	0.861168
271	200   	0.860478	0.00194247 	0.86126 
272	200   	0.860631	0.00207049 	0.861492
273	200   	0.86099 	0.00183224 	0.861708
274	200   	0.861138	0.00199659 	0.861757
275	200   	0.860967	0.00236681 	0.861936
276	200   	0.861528	0.00127674 	0.861994
277	200   	0.86126 	0.00222764 	0.862079
278	200   	0.861367	0.00229661 	0.862221
279	200   	0.861737	0.00177554 	0.86226 
280	200   	0.861623	0.00215197 	0.862299
281	200   	0.861653	0.00188568 	0.862456
282	200   	0.861942	0.00181535 	0.862566
283	200   	0.861877	0.00205136 	0.862681
284	200   	0.862165	0.00163734 	0.8628  
285	200   	0.862364	0.00127846 	0.862867
286	200   	0.862413	0.00177143 	0.862949
287	200   	0.862494	0.00166969 	0.863053
288	200   	0.86257 	0.0018725  	0.863149
289	200   	0.862468	0.00193865 	0.863329
290	200   	0.86282 	0.00170289 	0.863369
291	200   	0.862541	0.00249607 	0.863415
292	200   	0.862937	0.00148873 	0.864092
293	200   	0.863528	0.00171615 	0.864311
294	200   	0.863733	0.00193601 	0.864349
295	200   	0.863997	0.00130536 	0.864493
296	200   	0.863878	0.00199017 	0.864686
297	200   	0.863955	0.00255794 	0.864946
298	200   	0.864394	0.00177135 	0.865036
299	200   	0.864449	0.00148296 	0.865356
300	200   	0.864734	0.00201193 	0.865403
301	200   	0.864902	0.00174951 	0.865472
302	200   	0.865046	0.00148675 	0.86574 
303	200   	0.864925	0.00250728 	0.865854
304	200   	0.865303	0.00196615 	0.866243
305	200   	0.865867	0.00120576 	0.866282
306	200   	0.865729	0.00167192 	0.866403
307	200   	0.865995	0.00157083 	0.866478
308	200   	0.865745	0.00212076 	0.866516
309	200   	0.865966	0.0019109  	0.867337
310	200   	0.866826	0.00163188 	0.867401
311	200   	0.866688	0.00208706 	0.867467
312	200   	0.866624	0.00244872 	0.867957
313	200   	0.867421	0.00187727 	0.868103
314	200   	0.867484	0.00177008 	0.868203
315	200   	0.867497	0.0021817  	0.868236
316	200   	0.867875	0.00105339 	0.868276
317	200   	0.86787 	0.00129528 	0.86846 
318	200   	0.867812	0.00229378 	0.868549
319	200   	0.868058	0.00180608 	0.868673
320	200   	0.868332	0.000961852	0.868803
321	200   	0.868383	0.00119897 	0.868838
322	200   	0.86806 	0.00222662 	0.86887 
323	200   	0.868321	0.00207484 	0.868925
324	200   	0.868168	0.00190634 	0.868982
325	200   	0.868647	0.00126404 	0.869456
326	200   	0.869114	0.00099342 	0.869487
327	200   	0.868692	0.0026314  	0.869562
328	200   	0.869108	0.00140666 	0.869628
329	200   	0.869196	0.00142222 	0.869664
330	200   	0.869011	0.00213536 	0.869916
331	200   	0.869099	0.00246778 	0.869987
332	200   	0.869528	0.00128535 	0.87007 
333	200   	0.869633	0.00158863 	0.870143
334	200   	0.869598	0.00209865 	0.870191
335	200   	0.869635	0.00212236 	0.870309
336	200   	0.869757	0.00170426 	0.870455
337	200   	0.869832	0.00184992 	0.870493
338	200   	0.86999 	0.00148441 	0.870583
339	200   	0.869879	0.00213171 	0.870652
340	200   	0.870235	0.0016101  	0.870701
341	200   	0.870037	0.00187537 	0.870757
342	200   	0.870132	0.00194604 	0.871258
343	200   	0.870672	0.00158364 	0.871305
344	200   	0.870837	0.00172371 	0.871362
345	200   	0.870973	0.00133739 	0.871403
346	200   	0.870673	0.00224291 	0.871437
347	200   	0.870862	0.00188643 	0.871625
348	200   	0.871053	0.00193543 	0.871696
349	200   	0.870969	0.00226771 	0.871881
350	200   	0.871499	0.00104994 	0.871925
351	200   	0.871098	0.00265336 	0.872184
352	200   	0.871558	0.00179697 	0.872276
353	200   	0.871628	0.00185902 	0.87241 
354	200   	0.872108	0.00116539 	0.872439
355	200   	0.871829	0.00195353 	0.872498
356	200   	0.872043	0.0013297  	0.872591
357	200   	0.872199	0.0014834  	0.872652
358	200   	0.872276	0.00109116 	0.872702
359	200   	0.872126	0.00146902 	0.87281 
360	200   	0.872278	0.00173299 	0.87289 
361	200   	0.872182	0.00212792 	0.872946
362	200   	0.872518	0.00155271 	0.872997
363	200   	0.87254 	0.00165722 	0.873067
364	200   	0.872351	0.00201101 	0.873104
365	200   	0.872566	0.00189103 	0.873167
366	200   	0.87269 	0.00159405 	0.873204
367	200   	0.872654	0.00169556 	0.873549
368	200   	0.87291 	0.00247174 	0.873885
369	200   	0.873316	0.00183277 	0.874035
370	200   	0.87339 	0.00209541 	0.874114
371	200   	0.87353 	0.00203478 	0.87414 
372	200   	0.87345 	0.00235943 	0.874195
373	200   	0.87382 	0.00164271 	0.874284
374	200   	0.87346 	0.00282389 	0.874347
375	200   	0.874006	0.00118695 	0.874408
376	200   	0.873613	0.00250866 	0.874434
377	200   	0.873851	0.00228174 	0.87451 
378	200   	0.873804	0.00192599 	0.87466 
379	200   	0.873961	0.00207069 	0.87472 
380	200   	0.874347	0.0013598  	0.874861
381	200   	0.87441 	0.00145931 	0.874986
382	200   	0.874306	0.00184829 	0.875035
383	200   	0.874243	0.00239121 	0.87509 
384	200   	0.874271	0.00274223 	0.875132
385	200   	0.874654	0.00168555 	0.875192
386	200   	0.874579	0.00181315 	0.875401
387	200   	0.874666	0.00247534 	0.875506
388	200   	0.875186	0.00104372 	0.875535
389	200   	0.874898	0.00195853 	0.875626
390	200   	0.874808	0.0022639  	0.875734
391	200   	0.875191	0.00168234 	0.875821
392	200   	0.87529 	0.00191631 	0.876013
393	200   	0.875639	0.00124949 	0.876079
394	200   	0.875507	0.00213912 	0.87612 
395	200   	0.875688	0.00149388 	0.876209
396	200   	0.875874	0.000970714	0.876256
397	200   	0.875623	0.00175971 	0.876327
398	200   	0.875644	0.00233631 	0.876438
399	200   	0.875908	0.00190792 	0.876469
400	200   	0.875829	0.00184734 	0.8765  
401	200   	0.8757  	0.00280064 	0.876538
402	200   	0.876195	0.00109568 	0.876569
403	200   	0.87579 	0.00225371 	0.876977
404	200   	0.876383	0.00185031 	0.877237
405	200   	0.876858	0.001185   	0.877324
406	200   	0.876792	0.00178284 	0.877442
407	200   	0.876991	0.00149319 	0.877464
408	200   	0.87699 	0.00163598 	0.877682
409	200   	0.877021	0.00195512 	0.877739
410	200   	0.877119	0.00202014 	0.877795
411	200   	0.877182	0.00197096 	0.877952
412	200   	0.877353	0.00168595 	0.878087
413	200   	0.877635	0.00121358 	0.878135
414	200   	0.877445	0.00183611 	0.878268
415	200   	0.877346	0.00244262 	0.878282
416	200   	0.877647	0.00193994 	0.878492
417	200   	0.877744	0.0022071  	0.87854 
418	200   	0.877806	0.00205204 	0.878588
419	200   	0.877983	0.00166382 	0.878723
420	200   	0.878083	0.00208423 	0.878786
421	200   	0.878156	0.00203196 	0.878818
422	200   	0.878161	0.00194994 	0.878874
423	200   	0.878151	0.00212074 	0.878905
424	200   	0.878427	0.00185013 	0.878995
425	200   	0.878451	0.00148102 	0.879031
426	200   	0.878349	0.00209768 	0.879046
427	200   	0.878211	0.00249283 	0.879146
428	200   	0.878597	0.00159551 	0.879314
429	200   	0.878754	0.00160797 	0.879544
430	200   	0.879056	0.0017836  	0.87962 
431	200   	0.879158	0.00139806 	0.879669
432	200   	0.879114	0.00181537 	0.879728
433	200   	0.879011	0.00205322 	0.879773
434	200   	0.879344	0.00169605 	0.87981 
435	200   	0.879122	0.0024279  	0.879919
436	200   	0.87929 	0.00207257 	0.879959
437	200   	0.879265	0.00207947 	0.880025
438	200   	0.879382	0.00180998 	0.880121
439	200   	0.879523	0.00185341 	0.880683
440	200   	0.880075	0.00184734 	0.880778
441	200   	0.880146	0.0019325  	0.880833
442	200   	0.88029 	0.00175606 	0.880864
443	200   	0.880323	0.00162335 	0.880911
444	200   	0.880412	0.00182214 	0.880975
445	200   	0.880242	0.00246336 	0.881042
446	200   	0.880564	0.00183879 	0.881101
447	200   	0.880623	0.00189993 	0.881124
448	200   	0.880249	0.00253522 	0.881179
449	200   	0.880673	0.00166729 	0.881222
450	200   	0.880396	0.00233612 	0.881248
451	200   	0.880323	0.00258513 	0.881418
452	200   	0.880885	0.00195923 	0.881423
453	200   	0.880803	0.00201935 	0.881428
454	200   	0.880711	0.00219744 	0.88176 
455	200   	0.881216	0.00170639 	0.881807
456	200   	0.881279	0.00177746 	0.881838
457	200   	0.881312	0.00175273 	0.881855
458	200   	0.881074	0.00204336 	0.881919
459	200   	0.881281	0.00192589 	0.881968
460	200   	0.881456	0.00152933 	0.88215 
461	200   	0.881648	0.00172788 	0.882179
462	200   	0.881522	0.00239679 	0.882199
463	200   	0.881636	0.00175036 	0.882609
464	200   	0.88204 	0.00182389 	0.882747
465	200   	0.881993	0.00221909 	0.88284 
466	200   	0.882153	0.00211105 	0.882879
467	200   	0.88221 	0.00180455 	0.882956
468	200   	0.882339	0.00198975 	0.883007
469	200   	0.882375	0.00203713 	0.883124
470	200   	0.88242 	0.00199151 	0.883171
471	200   	0.882662	0.00135634 	0.88319 
472	200   	0.882646	0.00172684 	0.883214
473	200   	0.882709	0.00191658 	0.883358
474	200   	0.882859	0.00138247 	0.883384
475	200   	0.882778	0.00172446 	0.883488
476	200   	0.882804	0.00232754 	0.883514
477	200   	0.883023	0.00153538 	0.883554
478	200   	0.883195	0.00121745 	0.883585
479	200   	0.88309 	0.00169867 	0.883655
480	200   	0.882894	0.00251671 	0.883808
481	200   	0.88302 	0.00218811 	0.883861
482	200   	0.883276	0.0018385  	0.883866
483	200   	0.882973	0.00228968 	0.883904
484	200   	0.883551	0.0011875  	0.883947
485	200   	0.883405	0.00185639 	0.883985
486	200   	0.883512	0.00166314 	0.884073
487	200   	0.883486	0.00182129 	0.884093
488	200   	0.883337	0.00268863 	0.884113
489	200   	0.883532	0.00195151 	0.884127
490	200   	0.883375	0.0020812  	0.884148
491	200   	0.883266	0.00298483 	0.8842  
492	200   	0.883565	0.0018684  	0.884252
493	200   	0.883718	0.00158255 	0.884304
494	200   	0.883642	0.00217748 	0.884325
495	200   	0.883798	0.00153513 	0.884355
496	200   	0.883637	0.00231561 	0.884404
497	200   	0.883847	0.0017291  	0.884438
498	200   	0.883728	0.00213529 	0.884514
499	200   	0.88386 	0.00213751 	0.884581
500	200   	0.883838	0.00172432 	0.884607