Execution of the code with theses parameters
On this image bro 5c.png
generations : 500
generations2 :0
population_size :200
seed : 69
polygons :5
mutation_rate :1
mating_prob : 0.05
mutate_pt :0.6
shuffle :0.05
remove_poly :0.05
add_poly :0.1
change_cr :0.1
add_pt :0.1
independance :False
mutate_pt2 :0.8
shuffle2 :0.05
remove_poly20.02
add_poly2 :0.05
change_cr2 :0.03
add_pt2 :0.05
independance2 :FalseWe got theses results 
gen	nevals	avg     	std       	max     
0  	200   	0.654768	0.0081898 	0.680611
1  	200   	0.656989	0.010846  	0.701445
2  	200   	0.658181	0.0118429 	0.702615
3  	200   	0.659076	0.0126007 	0.702615
4  	200   	0.660261	0.0132037 	0.70614 
5  	200   	0.661505	0.0139109 	0.70678 
6  	200   	0.662549	0.0144234 	0.717818
7  	200   	0.663436	0.0149997 	0.717823
8  	200   	0.664832	0.0157235 	0.718641
9  	200   	0.665927	0.0161484 	0.725261
10 	200   	0.667275	0.0170282 	0.725261
11 	200   	0.668361	0.01771   	0.730256
12 	200   	0.669371	0.0180861 	0.730256
13 	200   	0.670555	0.0180938 	0.730256
14 	200   	0.671668	0.0183043 	0.730256
15 	200   	0.672922	0.018509  	0.730417
16 	200   	0.673821	0.0187629 	0.730417
17 	200   	0.674668	0.0185525 	0.729712
18 	200   	0.676102	0.0185242 	0.729712
19 	200   	0.676703	0.018515  	0.73037 
20 	200   	0.677951	0.0185066 	0.730459
21 	200   	0.678899	0.0189117 	0.730313
22 	200   	0.680157	0.0186808 	0.730313
23 	200   	0.680799	0.0188164 	0.729517
24 	200   	0.68097 	0.0189471 	0.729017
25 	200   	0.682145	0.0190283 	0.729017
26 	200   	0.683694	0.0191775 	0.729017
27 	200   	0.685225	0.0194869 	0.729017
28 	200   	0.686483	0.0193828 	0.729148
29 	200   	0.687696	0.0191208 	0.7293  
30 	200   	0.688523	0.0193801 	0.729258
31 	200   	0.689092	0.0192968 	0.729728
32 	200   	0.689795	0.0193852 	0.729825
33 	200   	0.69039 	0.0193298 	0.729825
34 	200   	0.691087	0.0187615 	0.729825
35 	200   	0.692114	0.0188107 	0.729825
36 	200   	0.692732	0.0189745 	0.730084
37 	200   	0.69347 	0.0190746 	0.731135
38 	200   	0.69404 	0.0190935 	0.731066
39 	200   	0.694587	0.0189066 	0.731066
40 	200   	0.695402	0.0190221 	0.731066
41 	200   	0.696149	0.0189108 	0.731066
42 	200   	0.696767	0.0188784 	0.731066
43 	200   	0.697645	0.0186509 	0.731508
44 	200   	0.698223	0.0186643 	0.743465
45 	200   	0.698493	0.0186537 	0.743465
46 	200   	0.698849	0.0185437 	0.738626
47 	200   	0.699835	0.0184063 	0.738597
48 	200   	0.700394	0.0186578 	0.738779
49 	200   	0.700725	0.018591  	0.738771
50 	200   	0.700938	0.0186076 	0.738771
51 	200   	0.701574	0.0183342 	0.738771
52 	200   	0.702333	0.0181095 	0.738783
53 	200   	0.702728	0.0181108 	0.735912
54 	200   	0.703041	0.0183959 	0.738414
55 	200   	0.703562	0.0183676 	0.738414
56 	200   	0.703978	0.0182356 	0.738879
57 	200   	0.704497	0.0180239 	0.738879
58 	200   	0.705008	0.0179605 	0.73774 
59 	200   	0.705047	0.0180377 	0.73774 
60 	200   	0.705635	0.0179111 	0.73774 
61 	200   	0.706199	0.0179456 	0.739451
62 	200   	0.706808	0.0173668 	0.738693
63 	200   	0.706972	0.0173296 	0.738693
64 	200   	0.707651	0.0172291 	0.738666
65 	200   	0.7084  	0.0171102 	0.738666
66 	200   	0.708616	0.0170689 	0.739097
67 	200   	0.708952	0.0170337 	0.739121
68 	200   	0.709143	0.0168787 	0.739121
69 	200   	0.709437	0.0167497 	0.739121
70 	200   	0.709857	0.0167502 	0.743808
71 	200   	0.710459	0.0165995 	0.743808
72 	200   	0.711084	0.0164123 	0.743808
73 	200   	0.71143 	0.0165494 	0.743808
74 	200   	0.711694	0.0163198 	0.743808
75 	200   	0.711995	0.016164  	0.743808
76 	200   	0.712359	0.0162355 	0.743243
77 	200   	0.713046	0.0162175 	0.742924
78 	200   	0.713421	0.0163049 	0.743565
79 	200   	0.713608	0.0163279 	0.743565
80 	200   	0.713697	0.0164025 	0.74367 
81 	200   	0.714126	0.0162079 	0.74367 
82 	200   	0.714222	0.0162478 	0.743225
83 	200   	0.71438 	0.0163846 	0.743225
84 	200   	0.714564	0.0164129 	0.743225
85 	200   	0.714754	0.0164047 	0.749835
86 	200   	0.715154	0.0161393 	0.749835
87 	200   	0.71543 	0.0162722 	0.749015
88 	200   	0.715605	0.016334  	0.749015
89 	200   	0.715976	0.0161954 	0.749015
90 	200   	0.71622 	0.0162452 	0.749015
91 	200   	0.716433	0.0162833 	0.749015
92 	200   	0.716864	0.016319  	0.749701
93 	200   	0.717273	0.0160611 	0.749701
94 	200   	0.717513	0.0158747 	0.749782
95 	200   	0.717914	0.0156633 	0.749782
96 	200   	0.718205	0.0154228 	0.74973 
97 	200   	0.718452	0.0154872 	0.74973 
98 	200   	0.718696	0.0157392 	0.753404
99 	200   	0.719156	0.0154607 	0.753404
100	200   	0.719306	0.0155461 	0.753404
101	200   	0.719532	0.0156312 	0.753404
102	200   	0.719611	0.0155332 	0.753028
103	200   	0.719879	0.0155705 	0.753028
104	200   	0.720171	0.0155323 	0.753039
105	200   	0.720711	0.0153933 	0.753039
106	200   	0.72101 	0.0153785 	0.753039
107	200   	0.721209	0.0152967 	0.753029
108	200   	0.721423	0.0152988 	0.753029
109	200   	0.72171 	0.0151219 	0.753029
110	200   	0.721924	0.015112  	0.753029
111	200   	0.722125	0.0149928 	0.753983
112	200   	0.722469	0.0147464 	0.753983
113	200   	0.722684	0.0147609 	0.753983
114	200   	0.722884	0.0146842 	0.753556
115	200   	0.723009	0.0146464 	0.755853
116	200   	0.723207	0.0146166 	0.755872
117	200   	0.723775	0.0140989 	0.755872
118	200   	0.724291	0.0138341 	0.755779
119	200   	0.724544	0.0138659 	0.755894
120	200   	0.724843	0.0137933 	0.755894
121	200   	0.725035	0.0138436 	0.755904
122	200   	0.725254	0.0137234 	0.755904
123	200   	0.725425	0.0133609 	0.755904
124	200   	0.725534	0.0132671 	0.755904
125	200   	0.725621	0.0132762 	0.755904
126	200   	0.725757	0.0131832 	0.755901
127	200   	0.725915	0.0129895 	0.755154
128	200   	0.726135	0.0126976 	0.757275
129	200   	0.7262  	0.0126866 	0.755239
130	200   	0.726448	0.0125771 	0.755363
131	200   	0.726599	0.012626  	0.7561  
132	200   	0.726877	0.0124019 	0.75608 
133	200   	0.72696 	0.0123669 	0.75608 
134	200   	0.727135	0.012404  	0.75608 
135	200   	0.727166	0.0125032 	0.75705 
136	200   	0.727268	0.0124999 	0.75705 
137	200   	0.727448	0.0124567 	0.75705 
138	200   	0.727641	0.0124535 	0.75705 
139	200   	0.727711	0.0125595 	0.757989
140	200   	0.727725	0.0126211 	0.757989
141	200   	0.727899	0.0125157 	0.757989
142	200   	0.728207	0.012268  	0.757989
143	200   	0.72832 	0.012174  	0.757989
144	200   	0.728375	0.0121292 	0.757993
145	200   	0.728555	0.0121434 	0.760329
146	200   	0.728667	0.0119245 	0.760329
147	200   	0.728795	0.0119211 	0.760329
148	200   	0.729081	0.011913  	0.760204
149	200   	0.729218	0.0119396 	0.75934 
150	200   	0.729476	0.0118981 	0.75934 
151	200   	0.729449	0.0121456 	0.75934 
152	200   	0.729491	0.011951  	0.75934 
153	200   	0.729561	0.0119608 	0.75934 
154	200   	0.729732	0.0120227 	0.75934 
155	200   	0.729787	0.0121129 	0.758069
156	200   	0.729863	0.0121223 	0.758023
157	200   	0.72994 	0.0120469 	0.758023
158	200   	0.729963	0.011981  	0.758023
159	200   	0.730188	0.0118823 	0.758023
160	200   	0.730329	0.0119305 	0.757949
161	200   	0.730347	0.0119363 	0.757989
162	200   	0.730522	0.0120346 	0.757842
163	200   	0.730593	0.0121165 	0.758492
164	200   	0.730681	0.0120615 	0.758236
165	200   	0.730688	0.0119845 	0.758236
166	200   	0.73096 	0.0120192 	0.758439
167	200   	0.73104 	0.0118874 	0.758452
168	200   	0.73113 	0.0118968 	0.758462
169	200   	0.731304	0.0118759 	0.758462
170	200   	0.731307	0.0118958 	0.758473
171	200   	0.731381	0.0119328 	0.758475
172	200   	0.731427	0.0119268 	0.758475
173	200   	0.731554	0.0118702 	0.759177
174	200   	0.73168 	0.0117942 	0.759183
175	200   	0.73175 	0.0118102 	0.759183
176	200   	0.731848	0.011761  	0.759627
177	200   	0.732011	0.0117989 	0.761398
178	200   	0.732042	0.0117606 	0.761398
179	200   	0.732137	0.0116809 	0.759564
180	200   	0.732409	0.0116593 	0.759564
181	200   	0.732561	0.0115856 	0.759564
182	200   	0.732628	0.0115168 	0.760783
183	200   	0.732669	0.0114338 	0.763379
184	200   	0.732683	0.0113051 	0.763667
185	200   	0.732909	0.0114135 	0.764208
186	200   	0.73293 	0.0113277 	0.764111
187	200   	0.733047	0.0113078 	0.765427
188	200   	0.7331  	0.0113011 	0.765427
189	200   	0.733202	0.0112217 	0.765427
190	200   	0.733304	0.0111047 	0.765427
191	200   	0.733254	0.011209  	0.765427
192	200   	0.733543	0.0111325 	0.763153
193	200   	0.733735	0.011046  	0.762064
194	200   	0.733816	0.0110759 	0.762064
195	200   	0.734018	0.011011  	0.762295
196	200   	0.734154	0.010992  	0.762295
197	200   	0.734123	0.0110522 	0.762351
198	200   	0.734194	0.0111719 	0.76222 
199	200   	0.734301	0.0112469 	0.76222 
200	200   	0.734395	0.0111652 	0.76222 
201	200   	0.734521	0.0109855 	0.76222 
202	200   	0.73481 	0.0109872 	0.76222 
203	200   	0.735021	0.0109068 	0.76222 
204	200   	0.73511 	0.0109013 	0.762215
205	200   	0.735105	0.0108696 	0.762215
206	200   	0.735144	0.0107988 	0.762785
207	200   	0.735275	0.010736  	0.76279 
208	200   	0.735535	0.0108873 	0.763645
209	200   	0.735703	0.0109231 	0.763645
210	200   	0.735811	0.0109304 	0.763645
211	200   	0.73592 	0.0109606 	0.763558
212	200   	0.735922	0.0109155 	0.763558
213	200   	0.73596 	0.0107983 	0.76448 
214	200   	0.735988	0.0109535 	0.764484
215	200   	0.736031	0.0108887 	0.764458
216	200   	0.736108	0.0108807 	0.764482
217	200   	0.736093	0.0109026 	0.764482
218	200   	0.736149	0.0107995 	0.764482
219	200   	0.736302	0.0107787 	0.764482
220	200   	0.736301	0.0108073 	0.769182
221	200   	0.73631 	0.0107607 	0.769182
222	200   	0.736371	0.0107075 	0.769182
223	200   	0.736426	0.01061   	0.769182
224	200   	0.736435	0.010664  	0.769182
225	200   	0.736413	0.0106318 	0.772616
226	200   	0.736605	0.0107736 	0.772595
227	200   	0.736715	0.0109874 	0.772865
228	200   	0.736826	0.0109216 	0.772865
229	200   	0.736989	0.0110712 	0.772858
230	200   	0.736991	0.0111043 	0.772858
231	200   	0.737071	0.0111306 	0.770676
232	200   	0.736978	0.0111062 	0.770676
233	200   	0.737023	0.0111239 	0.770761
234	200   	0.737085	0.0111523 	0.770761
235	200   	0.737111	0.0110088 	0.770761
236	200   	0.737114	0.0109872 	0.770761
237	200   	0.737157	0.0109833 	0.770761
238	200   	0.737237	0.0110447 	0.770761
239	200   	0.737285	0.0111239 	0.770761
240	200   	0.737401	0.0111309 	0.768707
241	200   	0.737513	0.0112081 	0.768735
242	200   	0.737563	0.0111454 	0.768735
243	200   	0.737588	0.0111279 	0.768598
244	200   	0.737761	0.0110921 	0.768598
245	200   	0.73784 	0.0111811 	0.768598
246	200   	0.737891	0.0112181 	0.768597
247	200   	0.737932	0.0111159 	0.768597
248	200   	0.737938	0.0113508 	0.768597
249	200   	0.737909	0.0113144 	0.763195
250	200   	0.73804 	0.0113197 	0.763177
251	200   	0.738259	0.0112099 	0.76366 
252	200   	0.738169	0.0112391 	0.765125
253	200   	0.738134	0.0113036 	0.765229
254	200   	0.738186	0.0112422 	0.765227
255	200   	0.738351	0.0111663 	0.76759 
256	200   	0.738502	0.0110813 	0.76759 
257	200   	0.738547	0.0110016 	0.76759 
258	200   	0.738622	0.0110762 	0.76752 
259	200   	0.738724	0.0111291 	0.76752 
260	200   	0.738658	0.0111256 	0.765306
261	200   	0.738666	0.0111436 	0.765435
262	200   	0.738806	0.0111968 	0.765418
263	200   	0.738796	0.0112128 	0.765418
264	200   	0.738888	0.0112342 	0.765418
265	200   	0.738879	0.0112885 	0.765418
266	200   	0.738947	0.0112807 	0.765438
267	200   	0.739046	0.0113245 	0.765387
268	200   	0.739173	0.0113491 	0.766145
269	200   	0.739284	0.0113936 	0.766145
270	200   	0.739427	0.011257  	0.766145
271	200   	0.739482	0.0112766 	0.766145
272	200   	0.739354	0.0112456 	0.766145
273	200   	0.73929 	0.0112321 	0.766145
274	200   	0.739361	0.0112334 	0.766145
275	200   	0.73934 	0.0111276 	0.765241
276	200   	0.739509	0.0111318 	0.765241
277	200   	0.739599	0.0111055 	0.764564
278	200   	0.739553	0.0111979 	0.764564
279	200   	0.739597	0.0112174 	0.764564
280	200   	0.739631	0.0112008 	0.765896
281	200   	0.739614	0.0111901 	0.765896
282	200   	0.739676	0.0111016 	0.765896
283	200   	0.739779	0.0110789 	0.76458 
284	200   	0.739907	0.0110161 	0.76458 
285	200   	0.739919	0.0110373 	0.763764
286	200   	0.740043	0.0111162 	0.763764
287	200   	0.740197	0.0110107 	0.763764
288	200   	0.740197	0.0111448 	0.766504
289	200   	0.74019 	0.0111254 	0.766504
290	200   	0.740191	0.0111144 	0.76694 
291	200   	0.740284	0.0110538 	0.76694 
292	200   	0.740335	0.0110115 	0.76694 
293	200   	0.740349	0.0110032 	0.766326
294	200   	0.740303	0.0107793 	0.766326
295	200   	0.74033 	0.0106932 	0.766453
296	200   	0.74038 	0.0107962 	0.766453
297	200   	0.740347	0.0108617 	0.766453
298	200   	0.740506	0.0107739 	0.766453
299	200   	0.740633	0.0107203 	0.766453
300	200   	0.740445	0.0106151 	0.766446
301	200   	0.740604	0.0106549 	0.76625 
302	200   	0.740727	0.0106449 	0.766575
303	200   	0.740769	0.0105266 	0.766575
304	200   	0.740731	0.0105077 	0.766575
305	200   	0.740818	0.0104441 	0.766575
306	200   	0.740858	0.0104855 	0.766558
307	200   	0.74096 	0.010458  	0.764431
308	200   	0.740956	0.0104986 	0.764102
309	200   	0.740969	0.0103783 	0.764102
310	200   	0.740929	0.0103137 	0.76398 
311	200   	0.741008	0.0102216 	0.764422
312	200   	0.741027	0.0102384 	0.764322
313	200   	0.741126	0.010303  	0.764322
314	200   	0.741296	0.0102849 	0.767651
315	200   	0.74141 	0.010439  	0.771384
316	200   	0.741436	0.0104944 	0.771428
317	200   	0.741489	0.0104948 	0.771428
318	200   	0.741546	0.0103549 	0.771531
319	200   	0.741688	0.0104014 	0.771531
320	200   	0.741693	0.0103567 	0.771531
321	200   	0.741718	0.0102756 	0.772517
322	200   	0.741725	0.0102465 	0.772517
323	200   	0.741761	0.0101733 	0.77141 
324	200   	0.741713	0.0103221 	0.772493
325	200   	0.741865	0.0102761 	0.772555
326	200   	0.741917	0.0102954 	0.772555
327	200   	0.741938	0.0102537 	0.772555
328	200   	0.741925	0.010318  	0.772568
329	200   	0.741931	0.0102863 	0.770357
330	200   	0.74213 	0.0103658 	0.770357
331	200   	0.742062	0.0103479 	0.770357
332	200   	0.742069	0.0104263 	0.770357
333	200   	0.742138	0.0104663 	0.770357
334	200   	0.742199	0.0104736 	0.770357
335	200   	0.74214 	0.0105155 	0.770359
336	200   	0.742163	0.0105246 	0.770359
337	200   	0.742113	0.010426  	0.770359
338	200   	0.742092	0.0105827 	0.770359
339	200   	0.742097	0.0105928 	0.770354
340	200   	0.74219 	0.0105352 	0.770354
341	200   	0.742327	0.0107239 	0.770354
342	200   	0.742395	0.0107426 	0.770369
343	200   	0.742564	0.010678  	0.770356
344	200   	0.742694	0.0107033 	0.770356
345	200   	0.742795	0.0104698 	0.770356
346	200   	0.742872	0.0104656 	0.770329
347	200   	0.742798	0.0105565 	0.770301
348	200   	0.74274 	0.0106284 	0.770297
349	200   	0.742816	0.0107238 	0.770297
350	200   	0.742831	0.0106426 	0.770297
351	200   	0.742816	0.0107533 	0.770297
352	200   	0.742806	0.0107218 	0.770297
353	200   	0.742953	0.0105476 	0.770297
354	200   	0.74301 	0.0105737 	0.770297
355	200   	0.742947	0.0105377 	0.772252
356	200   	0.74307 	0.0105435 	0.77225 
357	200   	0.743048	0.0104875 	0.77225 
358	200   	0.743078	0.0104263 	0.77225 
359	200   	0.743073	0.0104669 	0.771399
360	200   	0.743097	0.0103701 	0.76991 
361	200   	0.743155	0.0104479 	0.76991 
362	200   	0.743146	0.0104088 	0.76991 
363	200   	0.743101	0.0105346 	0.771333
364	200   	0.743327	0.0105204 	0.77132 
365	200   	0.743401	0.01054   	0.77132 
366	200   	0.743406	0.0104327 	0.771327
367	200   	0.743451	0.0103939 	0.771325
368	200   	0.743509	0.0102653 	0.771333
369	200   	0.743573	0.0101643 	0.771338
370	200   	0.74362 	0.0101822 	0.771338
371	200   	0.743632	0.0101681 	0.771338
372	200   	0.743687	0.0102552 	0.771338
373	200   	0.743649	0.0101304 	0.771338
374	200   	0.743663	0.010125  	0.77139 
375	200   	0.743485	0.0101453 	0.77139 
376	200   	0.743336	0.0101869 	0.77139 
377	200   	0.74336 	0.0102428 	0.77139 
378	200   	0.743377	0.0104356 	0.77139 
379	200   	0.743461	0.0103526 	0.77139 
380	200   	0.743528	0.0102976 	0.77139 
381	200   	0.743609	0.010195  	0.772055
382	200   	0.743649	0.0102942 	0.772055
383	200   	0.743684	0.0104176 	0.775548
384	200   	0.74373 	0.0103388 	0.775534
385	200   	0.743712	0.0102994 	0.775558
386	200   	0.743746	0.0102121 	0.775558
387	200   	0.74371 	0.0102602 	0.775516
388	200   	0.743847	0.0102865 	0.775516
389	200   	0.743791	0.0103236 	0.77552 
390	200   	0.743822	0.0102683 	0.77552 
391	200   	0.743818	0.0102508 	0.775726
392	200   	0.743736	0.01022   	0.775726
393	200   	0.743907	0.0102558 	0.775688
394	200   	0.743859	0.0101742 	0.775688
395	200   	0.743682	0.0102317 	0.775793
396	200   	0.743841	0.0101945 	0.775793
397	200   	0.743871	0.0101326 	0.775793
398	200   	0.743882	0.0101429 	0.775793
399	200   	0.744067	0.0100702 	0.775793
400	200   	0.744172	0.0100982 	0.775793
401	200   	0.743981	0.0100235 	0.775793
402	200   	0.744057	0.0100425 	0.775793
403	200   	0.743977	0.0101688 	0.771898
404	200   	0.743956	0.0102144 	0.772525
405	200   	0.743947	0.0103121 	0.773074
406	200   	0.743963	0.0102578 	0.773074
407	200   	0.744011	0.0102346 	0.773074
408	200   	0.744117	0.0102256 	0.773338
409	200   	0.74425 	0.0102399 	0.773338
410	200   	0.744333	0.0102164 	0.773338
411	200   	0.744306	0.0102338 	0.773314
412	200   	0.74432 	0.0103057 	0.77332 
413	200   	0.744291	0.010281  	0.772479
414	200   	0.744359	0.0102605 	0.772479
415	200   	0.744293	0.0102574 	0.772479
416	200   	0.744272	0.0100444 	0.770146
417	200   	0.744384	0.00999595	0.770134
418	200   	0.744421	0.00994066	0.770134
419	200   	0.744493	0.00997595	0.770179
420	200   	0.744492	0.00999064	0.770176
421	200   	0.744452	0.00996605	0.770519
422	200   	0.744424	0.0099122 	0.770519
423	200   	0.74438 	0.0101301 	0.771002
424	200   	0.744395	0.0100688 	0.770977
425	200   	0.744383	0.0101204 	0.770977
426	200   	0.744359	0.0101182 	0.770977
427	200   	0.744454	0.0102619 	0.770977
428	200   	0.744522	0.0103704 	0.771243
429	200   	0.74447 	0.0103036 	0.77119 
430	200   	0.74445 	0.0103717 	0.772331
431	200   	0.744478	0.0103796 	0.772331
432	200   	0.744522	0.0103059 	0.772363
433	200   	0.744504	0.0103913 	0.772363
434	200   	0.744566	0.0104248 	0.772363
435	200   	0.744495	0.0104429 	0.772363
436	200   	0.744586	0.0104303 	0.772363
437	200   	0.744658	0.0105186 	0.770416
438	200   	0.744608	0.0106335 	0.770114
439	200   	0.744752	0.0106569 	0.770006
440	200   	0.744735	0.0106921 	0.77059 
441	200   	0.744727	0.0106787 	0.77059 
442	200   	0.744717	0.0106938 	0.770586
443	200   	0.744815	0.010624  	0.770006
444	200   	0.744822	0.010634  	0.770006
445	200   	0.744775	0.0107244 	0.770006
446	200   	0.744863	0.0106721 	0.769836
447	200   	0.744918	0.0107583 	0.769351
448	200   	0.744893	0.0107643 	0.769351
449	200   	0.744893	0.0107756 	0.76935 
450	200   	0.744942	0.0105522 	0.76935 
451	200   	0.744973	0.0105247 	0.770702
452	200   	0.744961	0.0105488 	0.770708
453	200   	0.745052	0.010456  	0.7705  
454	200   	0.745122	0.010639  	0.7705  
455	200   	0.745144	0.0106574 	0.7705  
456	200   	0.745029	0.0105963 	0.769766
457	200   	0.744942	0.0106303 	0.768501
458	200   	0.745039	0.010504  	0.768784
459	200   	0.745112	0.010525  	0.768784
460	200   	0.745063	0.0104949 	0.767002
461	200   	0.745198	0.010393  	0.767018
462	200   	0.745269	0.0103756 	0.767018
463	200   	0.745236	0.0103664 	0.767021
464	200   	0.745128	0.0104053 	0.767021
465	200   	0.745078	0.0103378 	0.767021
466	200   	0.745203	0.0102084 	0.767092
467	200   	0.745134	0.010243  	0.767092
468	200   	0.745183	0.0102633 	0.767092
469	200   	0.745134	0.0102749 	0.767092
470	200   	0.74521 	0.0102314 	0.767066
471	200   	0.745121	0.0101486 	0.767066
472	200   	0.745118	0.0101183 	0.767076
473	200   	0.745083	0.0101656 	0.767074
474	200   	0.745089	0.0102405 	0.767518
475	200   	0.745114	0.00995703	0.767662
476	200   	0.745155	0.0100087 	0.767662
477	200   	0.74527 	0.0099673 	0.767641
478	200   	0.745317	0.0100052 	0.767641
479	200   	0.745305	0.0101759 	0.767645
480	200   	0.745527	0.0102008 	0.766684
481	200   	0.745501	0.010172  	0.766684
482	200   	0.745579	0.0101088 	0.76678 
483	200   	0.745504	0.0102388 	0.766664
484	200   	0.745438	0.0102674 	0.766664
485	200   	0.745464	0.0102625 	0.766664
486	200   	0.745396	0.010208  	0.766667
487	200   	0.745362	0.0101478 	0.766718
488	200   	0.74541 	0.0101437 	0.766718
489	200   	0.745348	0.0101028 	0.766718
490	200   	0.745333	0.0100889 	0.766718
491	200   	0.745454	0.0100114 	0.765285
492	200   	0.745412	0.0100794 	0.765669
493	200   	0.745415	0.0101539 	0.768599
494	200   	0.745333	0.0101476 	0.769436
495	200   	0.745435	0.0101176 	0.769432
496	200   	0.745414	0.0100605 	0.769545
497	200   	0.745424	0.0100407 	0.768407
498	200   	0.745536	0.00998525	0.768407
499	200   	0.74558 	0.00998449	0.768407
500	200   	0.745526	0.0101174 	0.769423