Execution of the code with theses parameters
On this image bro 5c.png
generations : 500
generations2 :0
population_size :200
seed : 69
polygons :5
mutation_rate :0.6
mating_prob : 0.4
mutate_pt :0.8
shuffle :0.02
remove_poly :0.03
add_poly :0.05
change_cr :0.05
add_pt :0.05
independance :False
mutate_pt2 :0.8
shuffle2 :0.05
remove_poly20.02
add_poly2 :0.05
change_cr2 :0.03
add_pt2 :0.05
independance2 :FalseWe got theses results 
gen	nevals	avg     	std        	max     
0  	200   	0.654768	0.0081898  	0.680611
1  	151   	0.680789	0.00129715 	0.696044
2  	148   	0.696175	0.00119628 	0.709579
3  	149   	0.709716	0.000910469	0.716832
4  	160   	0.716865	0.000699208	0.723911
5  	152   	0.723989	0.000720455	0.731164
6  	157   	0.731131	0.000792458	0.733418
7  	148   	0.733507	0.000503268	0.736572
8  	147   	0.73662 	0.000566163	0.742686
9  	151   	0.742661	0.000275987	0.744013
10 	140   	0.744045	0.000520745	0.748796
11 	159   	0.748713	0.000815731	0.752631
12 	159   	0.752599	0.000595512	0.75566 
13 	158   	0.755638	0.000611497	0.758624
14 	152   	0.758604	0.000293832	0.759097
15 	143   	0.75908 	0.000265106	0.760031
16 	155   	0.759981	0.000410976	0.761965
17 	158   	0.761897	0.000464571	0.762637
18 	146   	0.762645	0.000207279	0.764382
19 	153   	0.764316	0.000425353	0.765171
20 	142   	0.765149	0.000120795	0.765466
21 	145   	0.765433	0.000417472	0.766228
22 	160   	0.766159	0.00061321 	0.766592
23 	157   	0.766527	0.00056373 	0.76971 
24 	167   	0.769691	0.000336005	0.770217
25 	148   	0.770192	0.000351295	0.771257
26 	148   	0.771169	0.000597782	0.772123
27 	159   	0.772022	0.00051057 	0.772575
28 	155   	0.772513	0.000533987	0.773916
29 	159   	0.773854	0.000684582	0.775206
30 	145   	0.775159	0.000283091	0.775971
31 	142   	0.77593 	0.000346697	0.777007
32 	147   	0.77691 	0.000736985	0.777476
33 	142   	0.777431	0.000366411	0.777817
34 	157   	0.777786	0.000330063	0.779438
35 	167   	0.779327	0.000647219	0.780721
36 	142   	0.780652	0.000358595	0.781452
37 	159   	0.781361	0.000613064	0.782113
38 	162   	0.782068	0.000336615	0.782542
39 	150   	0.782463	0.000419075	0.783103
40 	161   	0.782916	0.000945831	0.783861
41 	159   	0.78386 	8.34187e-05	0.784517
42 	159   	0.784438	0.00056835 	0.785136
43 	162   	0.784983	0.000879291	0.785775
44 	153   	0.785615	0.000997231	0.787577
45 	156   	0.787519	0.000339319	0.788101
46 	155   	0.787969	0.000655446	0.788358
47 	152   	0.788216	0.000796555	0.788486
48 	148   	0.78839 	0.000770102	0.788723
49 	146   	0.788663	0.000462167	0.788975
50 	144   	0.788927	0.000293871	0.78906 
51 	142   	0.788966	0.000517427	0.789658
52 	149   	0.789554	0.000498272	0.7903  
53 	153   	0.790185	0.000540453	0.790641
54 	157   	0.790563	0.000493815	0.79141 
55 	164   	0.791235	0.000819545	0.79164 
56 	154   	0.791536	0.00055244 	0.79199 
57 	152   	0.791882	0.000599936	0.792979
58 	147   	0.792825	0.00064737 	0.793135
59 	160   	0.792976	0.000758575	0.793289
60 	164   	0.793218	0.000651169	0.793555
61 	150   	0.793484	0.000430663	0.793684
62 	156   	0.793549	0.000582319	0.793794
63 	157   	0.793721	0.000514232	0.794384
64 	159   	0.794251	0.000930286	0.794508
65 	136   	0.794416	0.000608053	0.794706
66 	142   	0.794622	0.000577473	0.795034
67 	149   	0.794942	0.00077473 	0.795749
68 	146   	0.795711	0.000276653	0.795894
69 	155   	0.795827	0.000403598	0.796318
70 	139   	0.796248	0.000368409	0.796532
71 	150   	0.796401	0.000756646	0.796751
72 	165   	0.796641	0.000688172	0.796831
73 	142   	0.796717	0.000993977	0.798028
74 	156   	0.797995	0.000320808	0.798542
75 	143   	0.798472	0.00052717 	0.79921 
76 	156   	0.799129	0.000525329	0.799615
77 	159   	0.799536	0.000531312	0.799963
78 	158   	0.799881	0.000408478	0.80025 
79 	145   	0.800151	0.00072938 	0.800793
80 	153   	0.800644	0.000856754	0.803197
81 	152   	0.803187	0.000111246	0.803684
82 	148   	0.80358 	0.000677948	0.80433 
83 	137   	0.804223	0.000655554	0.804541
84 	155   	0.804484	0.000621357	0.805044
85 	149   	0.805003	0.000312742	0.80518 
86 	157   	0.805076	0.000520381	0.805373
87 	152   	0.805325	0.00030797 	0.805877
88 	162   	0.805809	0.000353128	0.806135
89 	143   	0.805981	0.000737414	0.806947
90 	162   	0.806836	0.000843194	0.808213
91 	159   	0.808161	0.000325623	0.808522
92 	149   	0.808461	0.000373692	0.808786
93 	154   	0.80869 	0.000674583	0.808979
94 	157   	0.808943	0.00027628 	0.809282
95 	150   	0.809173	0.000653751	0.809845
96 	149   	0.809761	0.00082339 	0.810658
97 	150   	0.810593	0.000341986	0.810723
98 	152   	0.810643	0.00056239 	0.810929
99 	159   	0.810831	0.000536636	0.811185
100	143   	0.811141	0.000552708	0.811821
101	154   	0.811681	0.000874012	0.812025
102	162   	0.811919	0.000500922	0.812135
103	154   	0.812035	0.000547951	0.812341
104	150   	0.812266	0.000649766	0.812531
105	149   	0.812458	0.000475727	0.812583
106	157   	0.812462	0.000766534	0.812917
107	147   	0.812805	0.000698457	0.813055
108	162   	0.812907	0.000948792	0.813791
109	148   	0.813743	0.000329781	0.813855
110	159   	0.81377 	0.00055418 	0.814275
111	153   	0.814126	0.000659191	0.814392
112	166   	0.814313	0.000517849	0.814738
113	149   	0.814612	0.00071692 	0.814827
114	151   	0.814737	0.00066651 	0.814957
115	158   	0.81488 	0.000423774	0.815345
116	146   	0.815309	0.000226542	0.815414
117	158   	0.815299	0.000848717	0.815854
118	154   	0.81569 	0.000912192	0.816123
119	165   	0.816015	0.000735032	0.816471
120	160   	0.816325	0.000875618	0.816654
121	149   	0.816482	0.000862621	0.81701 
122	160   	0.816924	0.000529687	0.817753
123	156   	0.817499	0.00155265 	0.817957
124	143   	0.817877	0.000469617	0.818234
125	150   	0.818118	0.000572601	0.818366
126	150   	0.818315	0.000262878	0.818934
127	140   	0.81872 	0.0014646  	0.819168
128	144   	0.818975	0.000962976	0.819991
129	157   	0.81986 	0.000941568	0.820492
130	149   	0.820363	0.000741581	0.820835
131	163   	0.820711	0.00101635 	0.822178
132	149   	0.822021	0.00108584 	0.82248 
133	158   	0.822219	0.00136265 	0.822836
134	164   	0.822693	0.000784554	0.823149
135	162   	0.823091	0.000477617	0.823678
136	151   	0.823524	0.00120553 	0.823847
137	143   	0.823783	0.000394681	0.824254
138	156   	0.82418 	0.000532415	0.824312
139	161   	0.824089	0.00104774 	0.824665
140	147   	0.824477	0.00103525 	0.824957
141	143   	0.824934	0.000134289	0.825053
142	144   	0.824906	0.00087341 	0.82522 
143	159   	0.825082	0.000801239	0.825675
144	153   	0.825576	0.000581473	0.825963
145	148   	0.825882	0.000497299	0.826065
146	152   	0.826   	0.000345439	0.826264
147	148   	0.826131	0.000883752	0.826378
148	136   	0.826194	0.000974768	0.826413
149	164   	0.82633 	0.000428268	0.826678
150	153   	0.826582	0.000392841	0.826807
151	156   	0.82674 	0.000368176	0.827576
152	153   	0.827353	0.00127856 	0.827831
153	154   	0.827753	0.000370222	0.827966
154	151   	0.827793	0.0011984  	0.828202
155	154   	0.828136	0.000458787	0.828606
156	150   	0.828437	0.00130216 	0.828851
157	155   	0.828686	0.000982572	0.828998
158	158   	0.828865	0.000663207	0.829078
159	148   	0.828953	0.000807005	0.829502
160	147   	0.82935 	0.000854124	0.82956 
161	158   	0.829379	0.00103727 	0.829809
162	158   	0.829728	0.000559804	0.830259
163	162   	0.830156	0.000602009	0.830625
164	157   	0.830496	0.000656786	0.831   
165	158   	0.830967	0.000244957	0.831076
166	161   	0.830967	0.000725602	0.831268
167	152   	0.831158	0.000810695	0.831348
168	162   	0.831242	0.000594671	0.831792
169	156   	0.831723	0.000374331	0.832279
170	146   	0.832147	0.000683462	0.832541
171	145   	0.832477	0.000372502	0.832786
172	163   	0.832522	0.00129563 	0.832828
173	147   	0.832784	0.000273567	0.833265
174	155   	0.833123	0.000755363	0.833737
175	149   	0.833608	0.000766602	0.834331
176	146   	0.83412 	0.00103802 	0.83435 
177	151   	0.834228	0.000602137	0.834511
178	162   	0.834411	0.000763517	0.834605
179	148   	0.834472	0.00086067 	0.835386
180	144   	0.835208	0.00107407 	0.835533
181	150   	0.835421	0.000578922	0.836026
182	152   	0.835902	0.000719653	0.836125
183	159   	0.836027	0.000483639	0.836268
184	153   	0.836225	0.000257731	0.836346
185	153   	0.836238	0.000547526	0.836814
186	156   	0.836678	0.000766911	0.837786
187	156   	0.83766 	0.00102412 	0.837878
188	151   	0.837769	0.000497628	0.837983
189	158   	0.837811	0.00113774 	0.838395
190	153   	0.838316	0.000424692	0.838427
191	160   	0.838292	0.000807282	0.838767
192	146   	0.838632	0.000728299	0.838821
193	144   	0.838712	0.000722184	0.838924
194	157   	0.838643	0.00129467 	0.839324
195	149   	0.839182	0.000765741	0.840115
196	155   	0.839996	0.000770093	0.84039 
197	145   	0.840254	0.000858101	0.840584
198	155   	0.840309	0.00168311 	0.84088 
199	151   	0.840812	0.000338408	0.841072
200	155   	0.840929	0.000867035	0.841234
201	149   	0.840977	0.00129306 	0.841584
202	149   	0.84139 	0.000973391	0.84183 
203	149   	0.841725	0.000673162	0.842187
204	150   	0.842063	0.000990676	0.842306
205	160   	0.842062	0.00107819 	0.842404
206	136   	0.842286	0.000972733	0.842461
207	149   	0.842205	0.00117288 	0.842536
208	144   	0.842316	0.001223   	0.842743
209	159   	0.842669	0.000425202	0.842952
210	152   	0.84281 	0.000820149	0.843058
211	152   	0.84299 	0.000498893	0.843595
212	151   	0.843341	0.00108892 	0.843964
213	149   	0.843855	0.000617382	0.84406 
214	156   	0.843952	0.000708487	0.844235
215	145   	0.844105	0.000898926	0.844742
216	160   	0.844574	0.000727281	0.844924
217	147   	0.844685	0.00106808 	0.845225
218	143   	0.845162	0.00056367 	0.845325
219	158   	0.845145	0.0011565  	0.845372
220	157   	0.845142	0.00103455 	0.84553 
221	146   	0.845467	0.000442868	0.84583 
222	154   	0.845664	0.000881205	0.845986
223	157   	0.845736	0.00122968 	0.846015
224	162   	0.845815	0.001013   	0.846275
225	147   	0.846079	0.000951957	0.846445
226	155   	0.84637 	0.000645884	0.846685
227	141   	0.846448	0.00120483 	0.846759
228	151   	0.846615	0.000646319	0.846827
229	157   	0.846592	0.00108064 	0.847074
230	150   	0.846772	0.00194681 	0.847188
231	155   	0.847041	0.000967784	0.84729 
232	137   	0.846987	0.00151001 	0.847402
233	155   	0.847236	0.000841776	0.847574
234	161   	0.847461	0.000530234	0.847639
235	164   	0.847415	0.00118715 	0.847657
236	155   	0.847579	0.000488941	0.847934
237	164   	0.847623	0.00157373 	0.848737
238	139   	0.848615	0.000727718	0.848825
239	156   	0.848562	0.00111212 	0.848922
240	153   	0.848621	0.00160269 	0.848936
241	161   	0.8486  	0.00168686 	0.849337
242	145   	0.849322	9.21803e-05	0.849428
243	146   	0.849303	0.000630196	0.849488
244	157   	0.84929 	0.00149188 	0.849796
245	139   	0.849676	0.000852784	0.84996 
246	154   	0.84982 	0.000845241	0.850026
247	152   	0.849794	0.00132594 	0.850236
248	145   	0.850057	0.00116928 	0.850342
249	151   	0.850273	0.000385473	0.850649
250	164   	0.850357	0.00144239 	0.85076 
251	148   	0.850544	0.00154876 	0.850838
252	152   	0.850473	0.00161332 	0.851288
253	154   	0.851135	0.000961903	0.85134 
254	154   	0.851144	0.00126364 	0.851844
255	144   	0.851688	0.000935488	0.851875
256	155   	0.851721	0.000762973	0.851897
257	158   	0.851728	0.00112232 	0.852167
258	149   	0.852013	0.00087999 	0.852277
259	153   	0.852111	0.00128322 	0.852308
260	155   	0.852067	0.00174239 	0.852377
261	148   	0.852099	0.00159582 	0.852496
262	154   	0.852319	0.000916981	0.852527
263	144   	0.852177	0.00149877 	0.852551
264	152   	0.852417	0.000965086	0.853439
265	160   	0.853341	0.000485672	0.853463
266	153   	0.853281	0.000862552	0.853502
267	158   	0.853317	0.00103666 	0.853612
268	145   	0.853504	0.000590775	0.853669
269	154   	0.853531	0.000832296	0.853878
270	164   	0.853606	0.00143648 	0.853922
271	158   	0.853799	0.00105546 	0.854168
272	144   	0.85404 	0.000552512	0.854265
273	160   	0.854028	0.00127301 	0.85435 
274	148   	0.854242	0.000655302	0.854571
275	146   	0.85433 	0.00129178 	0.854602
276	154   	0.8545  	0.000409006	0.854682
277	138   	0.854587	0.000455345	0.854868
278	145   	0.854702	0.00111959 	0.855157
279	149   	0.855023	0.000717867	0.855225
280	150   	0.855074	0.000646178	0.855316
281	146   	0.855132	0.00108698 	0.855368
282	149   	0.855101	0.00131336 	0.855416
283	146   	0.855218	0.00126211 	0.855707
284	158   	0.855418	0.00131859 	0.855932
285	154   	0.855788	0.000693835	0.856144
286	151   	0.856068	0.000500116	0.856195
287	140   	0.856054	0.000792682	0.856825
288	147   	0.856728	0.000545533	0.85693 
289	157   	0.856721	0.00107449 	0.857093
290	155   	0.856968	0.000916375	0.857272
291	147   	0.857132	0.000799722	0.857452
292	144   	0.857103	0.00160819 	0.857531
293	156   	0.857417	0.000635786	0.857574
294	152   	0.85733 	0.00120111 	0.857652
295	148   	0.857463	0.00102084 	0.857671
296	150   	0.857507	0.00122624 	0.85892 
297	159   	0.858853	0.000479906	0.85905 
298	147   	0.858948	0.000586891	0.85907 
299	155   	0.858987	0.000578689	0.859146
300	143   	0.85887 	0.0014363  	0.859226
301	157   	0.859135	0.000526342	0.859334
302	147   	0.85923 	0.000578847	0.859379
303	145   	0.85921 	0.000931124	0.859422
304	159   	0.85925 	0.0008821  	0.859608
305	152   	0.859264	0.00186822 	0.859657
306	151   	0.859481	0.00107323 	0.859713
307	169   	0.859382	0.00160053 	0.859798
308	145   	0.859598	0.00122241 	0.859823
309	146   	0.859587	0.00144599 	0.860031
310	152   	0.859832	0.00115675 	0.860088
311	146   	0.859929	0.0011426  	0.86033 
312	145   	0.860133	0.00100974 	0.860357
313	151   	0.860015	0.00170709 	0.860461
314	147   	0.860355	0.000646931	0.860561
315	164   	0.86038 	0.000797938	0.860613
316	156   	0.860378	0.00134953 	0.860753
317	152   	0.86033 	0.00188724 	0.861253
318	145   	0.861155	0.000802268	0.861278
319	143   	0.861004	0.00151795 	0.861836
320	162   	0.861702	0.000741572	0.861979
321	153   	0.861834	0.00068162 	0.862279
322	159   	0.862054	0.00105979 	0.862354
323	148   	0.86232 	0.000181113	0.862427
324	155   	0.862127	0.00153101 	0.86264 
325	143   	0.86231 	0.00170201 	0.862693
326	154   	0.862438	0.00134763 	0.862845
327	157   	0.862615	0.00104977 	0.862877
328	139   	0.86281 	0.000351899	0.86358 
329	148   	0.863443	0.000787877	0.86364 
330	148   	0.863526	0.000805738	0.863667
331	156   	0.863546	0.0007343  	0.863825
332	158   	0.863632	0.00144026 	0.864086
333	150   	0.86389 	0.00110706 	0.864158
334	153   	0.863929	0.00136111 	0.864295
335	155   	0.864114	0.000800612	0.864337
336	145   	0.864083	0.00123285 	0.864412
337	138   	0.864277	0.00091535 	0.864565
338	169   	0.864264	0.00148741 	0.864607
339	151   	0.864361	0.00150219 	0.864637
340	157   	0.864513	0.000765868	0.864666
341	158   	0.864475	0.000966349	0.864722
342	148   	0.864539	0.00114875 	0.864891
343	136   	0.864774	0.000814255	0.864944
344	153   	0.864755	0.00106787 	0.865076
345	155   	0.864909	0.00109855 	0.865114
346	155   	0.864997	0.000834851	0.865191
347	143   	0.865116	0.000483326	0.865214
348	156   	0.865174	0.00030312 	0.865329
349	150   	0.86519 	0.000981163	0.865347
350	146   	0.865168	0.00131074 	0.865421
351	148   	0.865176	0.00127452 	0.865507
352	156   	0.865199	0.00167427 	0.865532
353	156   	0.865176	0.00175736 	0.865622
354	161   	0.865373	0.00121105 	0.865651
355	147   	0.865542	0.000614051	0.865676
356	173   	0.865555	0.000749171	0.865741
357	154   	0.865523	0.00106574 	0.865759
358	153   	0.865577	0.00130681 	0.866013
359	145   	0.865883	0.000766914	0.866171
360	149   	0.866047	0.000527705	0.866212
361	151   	0.865997	0.00127516 	0.866867
362	152   	0.866624	0.00116937 	0.867027
363	159   	0.866767	0.00164971 	0.86733 
364	148   	0.867065	0.00171245 	0.867349
365	150   	0.867216	0.000793067	0.867417
366	153   	0.867181	0.00107091 	0.867451
367	151   	0.86708 	0.00194219 	0.867604
368	148   	0.867496	0.000793624	0.867658
369	163   	0.867548	0.000547062	0.86771 
370	159   	0.86749 	0.00116545 	0.867739
371	146   	0.86752 	0.00148829 	0.867758
372	160   	0.867674	0.000389831	0.867797
373	157   	0.867707	0.000535868	0.867982
374	164   	0.867678	0.00145185 	0.86814 
375	142   	0.868009	0.000857445	0.868311
376	157   	0.868198	0.000537376	0.868332
377	152   	0.868118	0.00106361 	0.868712
378	152   	0.868653	0.000287298	0.868784
379	145   	0.86866 	0.000650285	0.868831
380	154   	0.868674	0.000745477	0.86904 
381	151   	0.868956	0.00035608 	0.86911 
382	154   	0.86904 	0.000495438	0.869391
383	154   	0.869045	0.00136099 	0.869482
384	150   	0.869359	0.000671897	0.869502
385	159   	0.869402	0.000766695	0.869579
386	157   	0.869401	0.000926427	0.869761
387	158   	0.869589	0.00093052 	0.869905
388	142   	0.869787	0.000758638	0.869924
389	161   	0.869902	0.000121625	0.869993
390	145   	0.869663	0.00147447 	0.870013
391	139   	0.869825	0.000879715	0.87007 
392	153   	0.869872	0.00110142 	0.870157
393	151   	0.870042	0.000638791	0.871339
394	150   	0.871063	0.00121871 	0.871454
395	164   	0.871272	0.000968779	0.871518
396	151   	0.871328	0.00102947 	0.871552
397	156   	0.871459	0.000498575	0.871587
398	154   	0.871426	0.000817818	0.871631
399	159   	0.871359	0.00179849 	0.87166 
400	144   	0.871291	0.00178643 	0.871803
401	162   	0.871725	0.000415452	0.871999
402	150   	0.871818	0.000964405	0.872219
403	157   	0.87194 	0.00134794 	0.872268
404	157   	0.872113	0.000924354	0.872353
405	145   	0.872141	0.00123596 	0.872383
406	143   	0.872249	0.000638288	0.872439
407	149   	0.872404	0.000220137	0.872487
408	154   	0.872396	0.000432192	0.872532
409	145   	0.872158	0.00176758 	0.872647
410	152   	0.872474	0.00133002 	0.872694
411	156   	0.872546	0.000831497	0.872726
412	154   	0.872531	0.000971094	0.872782
413	164   	0.872652	0.000777319	0.872835
414	162   	0.872759	0.000513265	0.873227
415	169   	0.872934	0.00165385 	0.873261
416	154   	0.873027	0.00119653 	0.873513
417	150   	0.873353	0.000867637	0.873747
418	164   	0.873496	0.00125681 	0.873822
419	162   	0.873684	0.000796519	0.873947
420	155   	0.873739	0.0012497  	0.874018
421	147   	0.873786	0.00142832 	0.874047
422	143   	0.873914	0.000794488	0.874201
423	152   	0.873977	0.00129023 	0.874263
424	149   	0.87405 	0.00134912 	0.87429 
425	146   	0.874093	0.00118671 	0.87431 
426	153   	0.874115	0.00118081 	0.874345
427	151   	0.874204	0.000857373	0.874433
428	153   	0.874297	0.00116364 	0.874468
429	150   	0.87428 	0.00120088 	0.874514
430	152   	0.874297	0.00117057 	0.874573
431	160   	0.874516	0.000317079	0.87461 
432	146   	0.874369	0.00103019 	0.874626
433	149   	0.874385	0.00179245 	0.874678
434	149   	0.874384	0.00137428 	0.874704
435	159   	0.874539	0.000892242	0.874725
436	150   	0.874568	0.000773946	0.874772
437	148   	0.87469 	0.000528323	0.874814
438	150   	0.874668	0.000987123	0.874835
439	151   	0.874556	0.00144529 	0.874873
440	162   	0.874778	0.000498752	0.874939
441	157   	0.874632	0.0017393  	0.875014
442	156   	0.874812	0.00110919 	0.875256
443	165   	0.875093	0.000887297	0.875407
444	156   	0.875012	0.00172265 	0.875418
445	149   	0.875161	0.0011512  	0.875471
446	155   	0.875312	0.00118693 	0.875592
447	142   	0.87549 	0.000596715	0.875802
448	163   	0.875637	0.000798332	0.87592 
449	151   	0.875579	0.0016863  	0.875989
450	152   	0.875898	0.000594414	0.876023
451	158   	0.875795	0.00117223 	0.876241
452	148   	0.876099	0.000862739	0.876262
453	145   	0.876103	0.000867932	0.876288
454	155   	0.875929	0.00170047 	0.876324
455	151   	0.876072	0.00124984 	0.87635 
456	163   	0.876212	0.000765077	0.876371
457	155   	0.876207	0.000943954	0.876444
458	146   	0.876206	0.00146682 	0.876468
459	153   	0.876392	0.000425434	0.876479
460	155   	0.876318	0.00111453 	0.876516
461	149   	0.876188	0.0020199  	0.876564
462	159   	0.87628 	0.00173016 	0.876616
463	147   	0.876445	0.000885585	0.876642
464	159   	0.876446	0.0011854  	0.876675
465	164   	0.876506	0.000898845	0.876724
466	156   	0.876596	0.000662405	0.876792
467	164   	0.876606	0.000872097	0.876804
468	153   	0.876523	0.00152323 	0.876854
469	152   	0.876601	0.00117422 	0.877103
470	160   	0.87699 	0.000716545	0.877251
471	135   	0.876954	0.00150976 	0.877354
472	162   	0.877265	0.000555458	0.877385
473	146   	0.87731 	0.000398739	0.877533
474	157   	0.877224	0.00128721 	0.877628
475	147   	0.877296	0.00154233 	0.877635
476	143   	0.877579	0.000449218	0.877703
477	150   	0.877443	0.00130166 	0.877711
478	141   	0.877489	0.00115259 	0.87777 
479	146   	0.877704	0.000409848	0.877825
480	140   	0.877682	0.000867701	0.877928
481	157   	0.877739	0.00117802 	0.877954
482	147   	0.877761	0.00105802 	0.878009
483	151   	0.877782	0.00141436 	0.878022
484	155   	0.877834	0.000956493	0.878044
485	160   	0.877881	0.000898774	0.878063
486	144   	0.877826	0.00165182 	0.878118
487	153   	0.878038	0.000564355	0.878144
488	157   	0.877963	0.00106154 	0.87845 
489	146   	0.878121	0.00183355 	0.878488
490	159   	0.878068	0.00229759 	0.878612
491	158   	0.878369	0.00145033 	0.878663
492	157   	0.878524	0.000888114	0.878692
493	157   	0.878329	0.0014629  	0.878718
494	150   	0.878517	0.00096564 	0.878808
495	158   	0.878502	0.00151976 	0.878972
496	150   	0.878828	0.000826901	0.879016
497	155   	0.878765	0.00147069 	0.879046
498	138   	0.878921	0.000918911	0.879082
499	159   	0.878803	0.00158942 	0.879095
500	146   	0.878773	0.00174611 	0.879122