Execution of the code with theses parameters
On this image bro 5a.png
generations : 500
generations2 :0
population_size :200
seed : 31
polygons :5
mutation_rate :0.6
mating_prob : 0.4
mutate_pt :0.8
shuffle :0.02
remove_poly :0.03
add_poly :0.05
change_cr :0.05
add_pt :0.05
independance :False
mutate_pt2 :0.8
shuffle2 :0.05
remove_poly20.02
add_poly2 :0.05
change_cr2 :0.03
add_pt2 :0.05
independance2 :FalseWe got theses results 
gen	nevals	avg     	std        	max     
0  	200   	0.668774	0.0112802  	0.70807 
1  	156   	0.708458	0.00263945 	0.736973
2  	148   	0.737187	0.00173002 	0.755243
3  	151   	0.755272	0.000485443	0.758414
4  	152   	0.758408	0.000423561	0.761725
5  	151   	0.761776	0.000511533	0.767587
6  	146   	0.767608	0.00051229 	0.770909
7  	153   	0.770907	0.000273475	0.772903
8  	157   	0.772879	0.000423822	0.776277
9  	143   	0.776235	0.000688507	0.779558
10 	151   	0.77954 	0.000316461	0.781757
11 	160   	0.781697	0.000444744	0.782274
12 	143   	0.782273	0.000462686	0.785034
13 	164   	0.784979	0.000448688	0.785651
14 	135   	0.785671	0.000564013	0.792452
15 	144   	0.792409	0.000351238	0.793704
16 	159   	0.793604	0.000819693	0.796436
17 	149   	0.796329	0.00051486 	0.797515
18 	155   	0.797449	0.000732525	0.800517
19 	153   	0.800438	0.000619016	0.801488
20 	147   	0.801333	0.000873415	0.8022  
21 	154   	0.802154	0.000333675	0.804205
22 	146   	0.804105	0.000820914	0.804796
23 	151   	0.804639	0.00102479 	0.806521
24 	149   	0.806443	0.000636516	0.808027
25 	155   	0.807948	0.000462003	0.809204
26 	147   	0.80912 	0.000608834	0.809461
27 	154   	0.809344	0.000631628	0.809646
28 	157   	0.809546	0.000583356	0.81061 
29 	138   	0.810476	0.00096303 	0.811192
30 	149   	0.811088	0.000849384	0.811587
31 	155   	0.811449	0.00112277 	0.812595
32 	144   	0.812514	0.000610543	0.813357
33 	155   	0.813207	0.000955522	0.814013
34 	142   	0.813824	0.00115654 	0.814059
35 	156   	0.81393 	0.000727453	0.815142
36 	148   	0.814997	0.000867882	0.815701
37 	154   	0.815539	0.00106413 	0.816126
38 	157   	0.816007	0.00075463 	0.816738
39 	147   	0.816655	0.000606934	0.817462
40 	167   	0.81731 	0.000960461	0.818207
41 	136   	0.818128	0.000637371	0.8199  
42 	157   	0.819789	0.000788461	0.820463
43 	153   	0.820249	0.00188054 	0.82175 
44 	156   	0.821526	0.00130361 	0.822353
45 	157   	0.822218	0.000984954	0.822631
46 	149   	0.822565	0.000634234	0.823584
47 	148   	0.823417	0.00110481 	0.824103
48 	151   	0.824005	0.000936622	0.824512
49 	147   	0.824477	0.000251527	0.825566
50 	151   	0.82549 	0.000699014	0.82792 
51 	153   	0.827829	0.00071364 	0.828601
52 	155   	0.828438	0.00102979 	0.829811
53 	152   	0.829698	0.000623099	0.830359
54 	155   	0.830195	0.000910456	0.830749
55 	149   	0.830553	0.0012005  	0.830918
56 	144   	0.830855	0.000477002	0.831557
57 	146   	0.831406	0.00146062 	0.832231
58 	153   	0.832158	0.000634602	0.832457
59 	151   	0.832185	0.00151615 	0.832591
60 	141   	0.832517	0.000564226	0.833021
61 	152   	0.83297 	0.000653664	0.834751
62 	145   	0.83454 	0.00110399 	0.835061
63 	151   	0.834863	0.0013334  	0.835716
64 	158   	0.835659	0.000426807	0.836023
65 	159   	0.835901	0.000897231	0.836802
66 	149   	0.836626	0.00126102 	0.837559
67 	157   	0.83748 	0.00037765 	0.837915
68 	157   	0.83773 	0.000927233	0.839363
69 	150   	0.839225	0.00101068 	0.839758
70 	144   	0.839641	0.000905797	0.840172
71 	150   	0.840081	0.000598243	0.841463
72 	154   	0.841307	0.000979811	0.84186 
73 	154   	0.841729	0.000777731	0.842332
74 	154   	0.842234	0.000510312	0.842739
75 	157   	0.842608	0.000615949	0.843027
76 	153   	0.842884	0.000820734	0.843296
77 	147   	0.843094	0.00119557 	0.843792
78 	155   	0.84358 	0.00118982 	0.844606
79 	150   	0.844537	0.00046635 	0.845092
80 	143   	0.844953	0.00091149 	0.845393
81 	153   	0.845252	0.000935934	0.845846
82 	154   	0.845734	0.000779235	0.845938
83 	140   	0.845832	0.000587221	0.846978
84 	156   	0.846833	0.00106451 	0.847354
85 	143   	0.847288	0.000406512	0.847452
86 	151   	0.847341	0.000777406	0.849526
87 	143   	0.849361	0.00099609 	0.849615
88 	148   	0.849483	0.000788197	0.849762
89 	166   	0.849507	0.00126392 	0.849837
90 	142   	0.849737	0.000525731	0.850044
91 	149   	0.849881	0.00109796 	0.850343
92 	162   	0.8502  	0.00100088 	0.850654
93 	141   	0.85051 	0.00100158 	0.851526
94 	152   	0.851439	0.000537935	0.851918
95 	165   	0.85175 	0.00093219 	0.852195
96 	139   	0.852111	0.000570924	0.852484
97 	151   	0.852061	0.00187905 	0.852608
98 	145   	0.852367	0.00138951 	0.853226
99 	152   	0.852872	0.00170287 	0.853358
100	150   	0.853133	0.00127375 	0.853761
101	149   	0.853509	0.00151973 	0.853946
102	154   	0.853695	0.00176809 	0.854222
103	147   	0.854136	0.000489775	0.854786
104	146   	0.854608	0.00128261 	0.855163
105	156   	0.855029	0.000902748	0.855631
106	150   	0.85552 	0.000619979	0.855777
107	151   	0.85549 	0.00164022 	0.855907
108	140   	0.855621	0.0019193  	0.856542
109	168   	0.856319	0.0010669  	0.856831
110	148   	0.856613	0.00104741 	0.857052
111	149   	0.856898	0.000899978	0.857382
112	148   	0.85722 	0.00100424 	0.858545
113	157   	0.858364	0.00106581 	0.858703
114	150   	0.858535	0.00107429 	0.858941
115	145   	0.858691	0.0020811  	0.859254
116	153   	0.859019	0.0011683  	0.859441
117	158   	0.859273	0.00103019 	0.860078
118	152   	0.85997 	0.000631628	0.860779
119	134   	0.860642	0.000922327	0.860941
120	148   	0.860781	0.00098141 	0.86117 
121	151   	0.861022	0.00109201 	0.861273
122	143   	0.861129	0.000974489	0.861701
123	154   	0.861493	0.00102466 	0.861902
124	148   	0.861739	0.00102352 	0.862536
125	154   	0.862495	0.000324848	0.862862
126	147   	0.862735	0.000928113	0.863055
127	141   	0.862687	0.00176242 	0.864019
128	143   	0.863952	0.000326523	0.864087
129	156   	0.864011	0.000580573	0.864557
130	148   	0.864377	0.00093485 	0.864721
131	139   	0.864413	0.00168284 	0.865174
132	155   	0.865039	0.00103494 	0.865381
133	138   	0.865216	0.000886492	0.865822
134	143   	0.8657  	0.000623913	0.86618 
135	153   	0.865878	0.00187849 	0.867248
136	142   	0.867121	0.000812145	0.867649
137	156   	0.867472	0.000864396	0.868613
138	144   	0.868396	0.00124982 	0.869202
139	153   	0.868974	0.00170954 	0.869308
140	157   	0.869066	0.00123296 	0.869771
141	143   	0.869599	0.000805491	0.86992 
142	158   	0.869682	0.0013074  	0.870264
143	151   	0.870094	0.00182824 	0.870755
144	152   	0.870548	0.00104755 	0.870943
145	150   	0.870841	0.000729423	0.871755
146	141   	0.87163 	0.000644217	0.872521
147	145   	0.872337	0.00129687 	0.872658
148	152   	0.872518	0.000929984	0.872836
149	155   	0.872584	0.00129813 	0.872998
150	135   	0.872854	0.000835981	0.873103
151	148   	0.872906	0.00118335 	0.873278
152	149   	0.873092	0.00135633 	0.8735  
153	148   	0.873262	0.00118226 	0.873572
154	158   	0.873281	0.00169551 	0.873983
155	148   	0.87381 	0.00101548 	0.875096
156	148   	0.874948	0.00082351 	0.875209
157	146   	0.874944	0.00131439 	0.875446
158	151   	0.875305	0.00086075 	0.875633
159	145   	0.875551	0.000433556	0.876337
160	159   	0.87617 	0.000983861	0.876737
161	140   	0.876676	0.000547762	0.87698 
162	157   	0.876781	0.00109543 	0.877159
163	147   	0.877091	0.000333353	0.877166
164	133   	0.876888	0.00120426 	0.878113
165	138   	0.877948	0.00137213 	0.878394
166	148   	0.878169	0.0012955  	0.878673
167	156   	0.878508	0.000883263	0.878911
168	136   	0.878837	0.000414841	0.879075
169	147   	0.878927	0.00113707 	0.879337
170	152   	0.879107	0.00135305 	0.879505
171	153   	0.879319	0.00105144 	0.880395
172	154   	0.880262	0.000837611	0.880491
173	154   	0.880289	0.00122186 	0.880645
174	150   	0.880572	0.000315058	0.880712
175	161   	0.880598	0.000941936	0.881253
176	139   	0.880991	0.00134601 	0.88163 
177	147   	0.881383	0.00139599 	0.881753
178	151   	0.881625	0.000904668	0.881869
179	146   	0.881805	0.000423011	0.882019
180	149   	0.881854	0.000862462	0.882185
181	150   	0.882012	0.00115359 	0.882384
182	160   	0.882099	0.00161088 	0.882956
183	153   	0.882717	0.00127994 	0.88321 
184	160   	0.883136	0.000447071	0.883377
185	150   	0.88328 	0.000527955	0.883612
186	157   	0.88346 	0.00103389 	0.883982
187	152   	0.883773	0.00113503 	0.884207
188	159   	0.884037	0.00108682 	0.884323
189	161   	0.884205	0.000601382	0.884447
190	152   	0.884368	0.000441968	0.884595
191	152   	0.884492	0.000637866	0.884792
192	150   	0.884602	0.00104018 	0.884882
193	151   	0.884724	0.00146521 	0.885044
194	149   	0.884944	0.000696027	0.885645
195	162   	0.885445	0.000902757	0.885782
196	157   	0.885485	0.00162903 	0.885903
197	154   	0.885527	0.002219   	0.886529
198	152   	0.886082	0.00219956 	0.886674
199	161   	0.886476	0.000963261	0.88677 
200	160   	0.886572	0.00115233 	0.886843
201	154   	0.886665	0.0010867  	0.887012
202	153   	0.886839	0.00122125 	0.88761 
203	154   	0.887438	0.0011717  	0.88798 
204	145   	0.887767	0.00114366 	0.888056
205	149   	0.887913	0.000906379	0.888166
206	147   	0.887842	0.00174867 	0.888407
207	155   	0.887998	0.00220527 	0.888582
208	150   	0.888291	0.00141564 	0.888881
209	159   	0.888686	0.00145726 	0.888947
210	145   	0.88882 	0.000893058	0.890398
211	159   	0.890254	0.00114886 	0.890887
212	146   	0.890698	0.00112488 	0.890929
213	147   	0.890683	0.00134146 	0.891219
214	153   	0.890917	0.00164243 	0.891561
215	157   	0.891359	0.00102212 	0.891721
216	161   	0.891498	0.00132455 	0.892734
217	161   	0.892606	0.00104816 	0.892925
218	154   	0.892552	0.00173814 	0.892999
219	156   	0.89274 	0.00146927 	0.893649
220	155   	0.893461	0.00128333 	0.893849
221	162   	0.893733	0.000716255	0.894049
222	155   	0.893992	0.000299993	0.894141
223	156   	0.89389 	0.00139478 	0.89442 
224	153   	0.894256	0.00160312 	0.894663
225	146   	0.894252	0.00188514 	0.894765
226	155   	0.894722	0.000224864	0.895012
227	153   	0.894654	0.00207909 	0.895312
228	151   	0.895211	0.000508426	0.895479
229	160   	0.895293	0.00137534 	0.896232
230	148   	0.895917	0.00154768 	0.896499
231	155   	0.896419	0.000478761	0.896568
232	136   	0.896146	0.00271735 	0.896746
233	157   	0.896555	0.000937437	0.896791
234	150   	0.896497	0.00166328 	0.897166
235	153   	0.89699 	0.00139706 	0.897229
236	150   	0.896953	0.0012732  	0.898255
237	152   	0.898132	0.000666955	0.898373
238	152   	0.898292	0.000421755	0.898528
239	158   	0.8982  	0.00201193 	0.898932
240	150   	0.898743	0.00120043 	0.899034
241	145   	0.898837	0.00138367 	0.899546
242	158   	0.899375	0.0012005  	0.899716
243	155   	0.899511	0.00120383 	0.900021
244	144   	0.899899	0.000706479	0.900119
245	147   	0.899865	0.00138444 	0.900254
246	133   	0.90009 	0.000838   	0.900467
247	152   	0.90029 	0.00112049 	0.900499
248	150   	0.900329	0.000958876	0.900717
249	149   	0.900535	0.000870344	0.900812
250	148   	0.900565	0.00134048 	0.90087 
251	144   	0.900726	0.000739477	0.901027
252	152   	0.900814	0.00109905 	0.901158
253	168   	0.901052	0.00049335 	0.90125 
254	140   	0.900985	0.00199154 	0.90291 
255	148   	0.90267 	0.00137237 	0.902966
256	145   	0.902817	0.000903445	0.903111
257	137   	0.902875	0.00117754 	0.90335 
258	142   	0.903082	0.00134347 	0.903417
259	152   	0.903156	0.00164665 	0.903585
260	159   	0.903344	0.00130409 	0.903621
261	161   	0.903459	0.00113336 	0.903916
262	151   	0.903758	0.000928877	0.903941
263	147   	0.903788	0.000912386	0.904041
264	167   	0.903783	0.00145816 	0.904437
265	142   	0.904113	0.00159735 	0.905656
266	154   	0.905535	0.000847108	0.905681
267	156   	0.905285	0.00177501 	0.905787
268	146   	0.905539	0.00137653 	0.906427
269	145   	0.906311	0.000537926	0.906962
270	152   	0.906677	0.00149006 	0.907021
271	141   	0.906818	0.00126061 	0.907154
272	152   	0.906972	0.000937957	0.907314
273	153   	0.907199	0.000679247	0.907527
274	158   	0.907365	0.00094254 	0.907618
275	144   	0.907235	0.00154695 	0.907647
276	145   	0.907373	0.00161645 	0.907738
277	153   	0.907614	0.000613669	0.907872
278	157   	0.90759 	0.00163755 	0.908006
279	154   	0.907961	0.000311686	0.909511
280	147   	0.909243	0.00175061 	0.909617
281	169   	0.909484	0.000665087	0.910044
282	161   	0.909784	0.00141012 	0.910061
283	146   	0.909872	0.00127095 	0.910314
284	148   	0.91014 	0.00100964 	0.910352
285	147   	0.910063	0.0015631  	0.910408
286	138   	0.910282	0.000780241	0.910675
287	150   	0.910429	0.00155166 	0.910708
288	150   	0.910413	0.00163257 	0.910793
289	158   	0.910478	0.00153687 	0.912218
290	149   	0.912098	0.000851583	0.912276
291	153   	0.911808	0.00243234 	0.912369
292	146   	0.912074	0.0021337  	0.912627
293	166   	0.912453	0.000881325	0.912672
294	160   	0.912451	0.0014684  	0.912917
295	165   	0.912729	0.000976905	0.912978
296	151   	0.912829	0.000935752	0.913108
297	143   	0.912888	0.00166606 	0.913233
298	150   	0.913149	0.000430622	0.913615
299	137   	0.913387	0.0013148  	0.913626
300	138   	0.913547	0.00054354 	0.913651
301	148   	0.913525	0.000744578	0.913744
302	165   	0.913603	0.000604394	0.913899
303	154   	0.913295	0.00310261 	0.91392 
304	160   	0.913482	0.00202886 	0.913998
305	140   	0.913795	0.00118973 	0.914081
306	153   	0.913986	0.000746403	0.914126
307	150   	0.913911	0.00184561 	0.914297
308	143   	0.914076	0.00137254 	0.914429
309	162   	0.914077	0.00180325 	0.914473
310	159   	0.914391	0.000405547	0.914588
311	150   	0.91438 	0.00145536 	0.914816
312	148   	0.914648	0.000985524	0.914964
313	157   	0.914732	0.00149896 	0.915011
314	149   	0.91476 	0.00136624 	0.915104
315	158   	0.914783	0.00156319 	0.91519 
316	157   	0.915087	0.000648284	0.915516
317	156   	0.915257	0.0014612  	0.915633
318	170   	0.915356	0.00128286 	0.915717
319	142   	0.915555	0.00110383 	0.915778
320	153   	0.915605	0.00141044 	0.916245
321	154   	0.916165	0.000479945	0.91629 
322	147   	0.916043	0.00130171 	0.916439
323	137   	0.916192	0.00127082 	0.9165  
324	152   	0.916316	0.0013418  	0.916521
325	150   	0.916279	0.00111331 	0.916671
326	144   	0.91645 	0.00148717 	0.916813
327	161   	0.916453	0.00186736 	0.916858
328	156   	0.916604	0.00140971 	0.917027
329	147   	0.916862	0.000888781	0.917164
330	154   	0.917052	0.000571128	0.917252
331	153   	0.917177	0.000437507	0.917451
332	160   	0.917287	0.000858065	0.917825
333	157   	0.917523	0.00190469 	0.917874
334	145   	0.917606	0.00149405 	0.917938
335	156   	0.91776 	0.00108381 	0.918108
336	139   	0.917879	0.00116145 	0.918234
337	161   	0.918005	0.00117831 	0.918358
338	149   	0.918267	0.00087252 	0.918951
339	140   	0.918688	0.0013847  	0.918957
340	157   	0.918889	0.000440942	0.91908 
341	159   	0.918696	0.00212195 	0.919098
342	147   	0.918975	0.000808736	0.919312
343	143   	0.919092	0.00141979 	0.919495
344	152   	0.919278	0.00128856 	0.919728
345	153   	0.919455	0.00108456 	0.919783
346	146   	0.919631	0.000980869	0.919875
347	152   	0.919663	0.00119522 	0.919999
348	148   	0.919849	0.000760555	0.920017
349	147   	0.919828	0.000959912	0.9201  
350	148   	0.919828	0.00150495 	0.920168
351	159   	0.920042	0.000783397	0.92024 
352	146   	0.920133	0.0008011  	0.920429
353	137   	0.920247	0.000883638	0.920455
354	148   	0.920289	0.000962746	0.920507
355	143   	0.920138	0.00177708 	0.9206  
356	143   	0.92017 	0.00215435 	0.920622
357	154   	0.920328	0.00179306 	0.920769
358	156   	0.920495	0.00189567 	0.920832
359	159   	0.920722	0.000964056	0.921466
360	154   	0.921217	0.00155378 	0.92149 
361	151   	0.921269	0.00122116 	0.921573
362	156   	0.921392	0.00123432 	0.921785
363	166   	0.921735	0.000243562	0.921918
364	148   	0.921715	0.00114707 	0.921968
365	145   	0.921547	0.00224198 	0.922115
366	153   	0.922002	0.000630659	0.922216
367	164   	0.921845	0.00203225 	0.92237 
368	156   	0.922239	0.000679618	0.922439
369	154   	0.922242	0.00163241 	0.922532
370	138   	0.922308	0.00147012 	0.922591
371	155   	0.922176	0.00239582 	0.922731
372	158   	0.922444	0.00200921 	0.922785
373	159   	0.922582	0.00100417 	0.922815
374	166   	0.922707	0.000556016	0.922857
375	150   	0.92271 	0.000914483	0.922901
376	149   	0.922553	0.00154295 	0.922964
377	148   	0.922746	0.00133316 	0.923021
378	159   	0.922912	0.000472533	0.923077
379	156   	0.922798	0.00156154 	0.923138
380	161   	0.922621	0.00222081 	0.923329
381	164   	0.923198	0.00094108 	0.92341 
382	155   	0.923309	0.000634605	0.924049
383	151   	0.923942	0.000577991	0.924078
384	156   	0.923673	0.00197554 	0.924113
385	156   	0.923995	0.000808565	0.92427 
386	154   	0.923861	0.00211787 	0.924454
387	152   	0.924163	0.00169823 	0.924489
388	155   	0.924437	0.000292384	0.924565
389	165   	0.924182	0.00243232 	0.924804
390	157   	0.924587	0.00130237 	0.924863
391	148   	0.924696	0.00131934 	0.924968
392	153   	0.924653	0.00133029 	0.925019
393	146   	0.924744	0.00137457 	0.925179
394	136   	0.925057	0.00062105 	0.925212
395	156   	0.925142	0.000465789	0.925757
396	146   	0.925615	0.000855131	0.925779
397	148   	0.925592	0.0011286  	0.925872
398	133   	0.92566 	0.00113616 	0.92589 
399	139   	0.925532	0.00183113 	0.925927
400	155   	0.925549	0.00183542 	0.925961
401	149   	0.925748	0.00118823 	0.925999
402	149   	0.925681	0.00157371 	0.926058
403	164   	0.925928	0.000629302	0.926162
404	151   	0.925799	0.00237297 	0.926332
405	159   	0.926129	0.00118852 	0.926384
406	148   	0.925934	0.00211621 	0.926427
407	162   	0.9262  	0.00178794 	0.926434
408	152   	0.926209	0.0017706  	0.926504
409	146   	0.9263  	0.00088785 	0.92654 
410	155   	0.926336	0.0013582  	0.926599
411	151   	0.926403	0.00101916 	0.926798
412	151   	0.926562	0.00160053 	0.92681 
413	143   	0.926484	0.00185389 	0.926872
414	141   	0.926793	0.000354796	0.926913
415	152   	0.926629	0.00169915 	0.92703 
416	149   	0.926755	0.00148682 	0.927167
417	166   	0.926983	0.0013215  	0.9272  
418	151   	0.926968	0.00136452 	0.92728 
419	150   	0.927119	0.00131807 	0.927355
420	151   	0.92731 	0.000271872	0.927405
421	150   	0.927071	0.00211846 	0.92745 
422	155   	0.927145	0.00162677 	0.927465
423	166   	0.927088	0.00212072 	0.927479
424	144   	0.927284	0.000838687	0.927496
425	157   	0.927225	0.00138044 	0.927518
426	156   	0.927346	0.001341   	0.927633
427	144   	0.927469	0.000924659	0.927683
428	155   	0.927466	0.00153315 	0.927722
429	156   	0.927602	0.000863159	0.927761
430	157   	0.927481	0.001662   	0.927867
431	151   	0.927139	0.00275851 	0.927898
432	143   	0.927509	0.00205182 	0.927983
433	155   	0.927872	0.00108943 	0.928054
434	151   	0.927928	0.00109151 	0.928074
435	145   	0.927797	0.001297   	0.928119
436	144   	0.927949	0.00112222 	0.928503
437	156   	0.928306	0.00112802 	0.928558
438	160   	0.928232	0.00183498 	0.92858 
439	159   	0.92831 	0.00196302 	0.928632
440	152   	0.92851 	0.00104852 	0.928681
441	148   	0.928345	0.00184142 	0.928777
442	148   	0.928436	0.00200922 	0.928831
443	156   	0.928573	0.00126712 	0.928905
444	156   	0.928658	0.00141729 	0.928984
445	152   	0.928809	0.0012902  	0.929065
446	150   	0.928903	0.000867881	0.929105
447	153   	0.928863	0.00146415 	0.930046
448	156   	0.929843	0.00135814 	0.930207
449	157   	0.930113	0.000666084	0.930279
450	154   	0.930039	0.00138438 	0.93031 
451	152   	0.93008 	0.00142102 	0.930387
452	152   	0.930161	0.00121865 	0.930516
453	152   	0.9302  	0.00146544 	0.930574
454	143   	0.930278	0.00144706 	0.930623
455	154   	0.930104	0.00269415 	0.930668
456	147   	0.930577	0.00037212 	0.930724
457	147   	0.930597	0.00106458 	0.93085 
458	157   	0.930696	0.00131181 	0.931403
459	157   	0.931271	0.000578508	0.931469
460	160   	0.931382	0.000708563	0.931529
461	164   	0.931248	0.00177187 	0.931564
462	145   	0.93141 	0.00115791 	0.931614
463	152   	0.931506	0.000748548	0.931644
464	150   	0.931408	0.00133326 	0.931728
465	146   	0.931663	0.000571177	0.931794
466	151   	0.931522	0.00131957 	0.931844
467	152   	0.931541	0.00133229 	0.931958
468	142   	0.931694	0.00173549 	0.931996
469	157   	0.931638	0.00204337 	0.932017
470	154   	0.931813	0.00140166 	0.93206 
471	160   	0.931823	0.00138276 	0.932178
472	144   	0.931783	0.00206296 	0.932211
473	149   	0.931993	0.001307   	0.9323  
474	152   	0.93206 	0.00115551 	0.932428
475	148   	0.932108	0.00160373 	0.932455
476	150   	0.931913	0.00263101 	0.93247 
477	155   	0.932266	0.000962674	0.932578
478	161   	0.932431	0.00105479 	0.932611
479	153   	0.932399	0.00123545 	0.932734
480	147   	0.932553	0.000989621	0.932765
481	148   	0.932541	0.00124637 	0.932798
482	142   	0.932603	0.00148316 	0.932853
483	158   	0.932631	0.00155509 	0.932878
484	144   	0.932568	0.00173118 	0.933013
485	163   	0.93265 	0.00188216 	0.933031
486	159   	0.932822	0.0011532  	0.93306 
487	157   	0.932758	0.00193802 	0.933101
488	143   	0.933011	0.000397342	0.933132
489	145   	0.933057	0.000380294	0.933157
490	147   	0.932901	0.00131028 	0.933197
491	146   	0.932832	0.00170981 	0.933305
492	138   	0.932991	0.00255864 	0.933324
493	142   	0.933273	0.000260322	0.933398
494	156   	0.933266	0.000763838	0.933668
495	150   	0.93329 	0.00190297 	0.933685
496	146   	0.933151	0.00283547 	0.933762
497	156   	0.933533	0.00133081 	0.933845
498	148   	0.933545	0.00202345 	0.934092
499	150   	0.933786	0.00154744 	0.934108
500	156   	0.93379 	0.00175602 	0.934148