Execution of the code with theses parameters
On this image bro 5c.png
generations : 500
generations2 :0
population_size :200
seed : 21
polygons :5
mutation_rate :0.6
mating_prob : 0.4
mutate_pt :0.8
shuffle :0.02
remove_poly :0.03
add_poly :0.05
change_cr :0.05
add_pt :0.05
independance :False
mutate_pt2 :0.8
shuffle2 :0.05
remove_poly20.02
add_poly2 :0.05
change_cr2 :0.03
add_pt2 :0.05
independance2 :FalseWe got theses results 
gen	nevals	avg     	std        	max     
0  	200   	0.656852	0.00848322 	0.691552
1  	147   	0.691665	0.0009168  	0.698702
2  	148   	0.698897	0.00263163 	0.733897
3  	138   	0.733971	0.000640428	0.738722
4  	145   	0.738802	0.000880781	0.745848
5  	147   	0.745817	0.000448404	0.746837
6  	151   	0.746904	0.000871553	0.758587
7  	137   	0.75855 	0.000456626	0.760556
8  	149   	0.76044 	0.000762785	0.761654
9  	153   	0.761565	0.000560502	0.762613
10 	147   	0.762623	0.000119441	0.763613
11 	152   	0.763544	0.000886479	0.766562
12 	153   	0.766558	0.00017837 	0.767694
13 	152   	0.767551	0.000741129	0.768056
14 	157   	0.768013	0.000484481	0.769208
15 	153   	0.769154	0.000336603	0.770225
16 	151   	0.770196	0.000212923	0.770699
17 	151   	0.770664	0.000295861	0.772122
18 	146   	0.772091	0.000267765	0.77286 
19 	149   	0.772809	0.00067214 	0.773968
20 	157   	0.773917	0.000370765	0.774144
21 	151   	0.774118	0.000255901	0.77478 
22 	138   	0.774731	0.000484191	0.775647
23 	162   	0.775487	0.000987315	0.776714
24 	134   	0.776662	0.000370102	0.77814 
25 	150   	0.778099	0.000438077	0.778509
26 	154   	0.778401	0.00121413 	0.779795
27 	159   	0.779703	0.000542328	0.779929
28 	158   	0.779896	0.000224495	0.78035 
29 	158   	0.780085	0.00160002 	0.780955
30 	150   	0.780881	0.000560443	0.782711
31 	146   	0.782626	0.000697965	0.783349
32 	151   	0.783258	0.000515333	0.783616
33 	158   	0.783526	0.000899444	0.78417 
34 	153   	0.784037	0.000579255	0.785008
35 	148   	0.784803	0.000911547	0.785298
36 	155   	0.785241	0.000443437	0.786234
37 	150   	0.786135	0.000645547	0.786358
38 	145   	0.786225	0.000892158	0.786855
39 	153   	0.786634	0.00142386 	0.786926
40 	146   	0.786796	0.000739918	0.788424
41 	136   	0.788372	0.000396236	0.788873
42 	155   	0.788699	0.000891957	0.789322
43 	151   	0.789242	0.000620596	0.790692
44 	153   	0.79055 	0.000823397	0.791253
45 	161   	0.791144	0.000678571	0.79167 
46 	152   	0.791513	0.000738233	0.792626
47 	150   	0.792559	0.000378322	0.793016
48 	136   	0.793002	0.000155528	0.793226
49 	143   	0.793162	0.000459048	0.79386 
50 	158   	0.793738	0.000650989	0.79395 
51 	156   	0.793832	0.000777403	0.794154
52 	162   	0.794097	0.000378154	0.794516
53 	136   	0.79447 	0.000344317	0.794743
54 	154   	0.794588	0.000833621	0.794928
55 	157   	0.794779	0.000741567	0.796018
56 	153   	0.795942	0.000611364	0.796693
57 	169   	0.796422	0.00146079 	0.796944
58 	149   	0.796936	7.73953e-05	0.797134
59 	162   	0.796958	0.000974068	0.79743 
60 	149   	0.797374	0.00054381 	0.797736
61 	148   	0.797524	0.00108149 	0.798098
62 	148   	0.797897	0.00123053 	0.798272
63 	135   	0.798238	0.000198124	0.798789
64 	146   	0.798746	0.000334422	0.799111
65 	150   	0.798991	0.000709904	0.799219
66 	164   	0.799041	0.000975922	0.799433
67 	162   	0.799204	0.00120017 	0.79991 
68 	161   	0.799768	0.00054968 	0.800055
69 	153   	0.79997 	0.000466597	0.800513
70 	154   	0.80037 	0.000794997	0.80073 
71 	164   	0.800537	0.00100466 	0.801159
72 	147   	0.801084	0.000407384	0.801288
73 	165   	0.801173	0.000760746	0.801453
74 	162   	0.801285	0.00085697 	0.801506
75 	146   	0.80138 	0.000813834	0.801587
76 	160   	0.801448	0.000796419	0.80195 
77 	161   	0.801772	0.00086783 	0.802683
78 	142   	0.802557	0.000650202	0.802857
79 	157   	0.802817	0.000310373	0.803452
80 	150   	0.803407	0.000446032	0.804746
81 	154   	0.804626	0.000730217	0.805916
82 	149   	0.805839	0.000503823	0.806052
83 	153   	0.805952	0.000541459	0.806255
84 	151   	0.80618 	0.000638917	0.806377
85 	142   	0.806289	0.000570266	0.806722
86 	159   	0.806656	0.000348913	0.807359
87 	170   	0.807252	0.000754455	0.807471
88 	142   	0.807387	0.000543941	0.808158
89 	155   	0.807916	0.00160346 	0.808341
90 	157   	0.808219	0.000688906	0.808464
91 	154   	0.808357	0.000657497	0.808603
92 	147   	0.808512	0.000705173	0.809529
93 	151   	0.809396	0.000778456	0.809896
94 	150   	0.809731	0.000706286	0.810406
95 	140   	0.810266	0.000716194	0.810736
96 	155   	0.810572	0.000842163	0.810944
97 	158   	0.810814	0.00102403 	0.811975
98 	157   	0.81185 	0.000858751	0.812084
99 	162   	0.812037	0.000292338	0.812336
100	151   	0.81216 	0.000959825	0.81255 
101	155   	0.812481	0.000792386	0.813539
102	138   	0.813423	0.00059112 	0.813815
103	159   	0.813519	0.00162793 	0.814118
104	147   	0.813941	0.000972813	0.814276
105	150   	0.814141	0.00082914 	0.814376
106	150   	0.814225	0.000804288	0.814802
107	138   	0.814633	0.000964319	0.81635 
108	145   	0.816203	0.000795209	0.816399
109	150   	0.816351	0.000335327	0.816761
110	156   	0.816558	0.00109993 	0.816951
111	153   	0.816804	0.000873246	0.817013
112	145   	0.816957	0.000345696	0.817185
113	156   	0.817071	0.000633067	0.817883
114	157   	0.817706	0.000930978	0.818082
115	156   	0.818018	0.000374874	0.818789
116	153   	0.818575	0.00122933 	0.819477
117	144   	0.819361	0.000852147	0.821942
118	161   	0.821834	0.000616585	0.822024
119	159   	0.821943	0.000392348	0.822215
120	153   	0.822116	0.000804055	0.823489
121	149   	0.82342 	0.000428929	0.823744
122	156   	0.823691	0.00044804 	0.82588 
123	154   	0.825722	0.000912975	0.825973
124	151   	0.825786	0.00101798 	0.826224
125	157   	0.826102	0.000767244	0.826294
126	155   	0.826174	0.00065215 	0.826407
127	159   	0.826281	0.000648445	0.827134
128	169   	0.826968	0.000989532	0.827245
129	159   	0.827182	0.000397182	0.827747
130	160   	0.827579	0.00095827 	0.827975
131	153   	0.827854	0.00111393 	0.828299
132	148   	0.828276	0.000142316	0.828428
133	157   	0.828331	0.000792041	0.828674
134	147   	0.828582	0.000656543	0.828782
135	154   	0.828572	0.000956606	0.828821
136	146   	0.828642	0.00146066 	0.828983
137	148   	0.828919	0.000421862	0.829046
138	148   	0.828957	0.000539825	0.829395
139	140   	0.829333	0.000722688	0.829892
140	159   	0.829719	0.00120086 	0.830085
141	160   	0.829967	0.000581354	0.830895
142	150   	0.830768	0.00089286 	0.831194
143	164   	0.831109	0.000532373	0.831379
144	147   	0.831139	0.00105139 	0.831517
145	158   	0.831299	0.00127236 	0.831732
146	151   	0.831655	0.000523764	0.831787
147	151   	0.831713	0.000430835	0.83209 
148	147   	0.831942	0.00103419 	0.832607
149	153   	0.832508	0.000504103	0.833403
150	153   	0.833353	0.000228745	0.83348 
151	148   	0.833323	0.00123896 	0.83351 
152	159   	0.833403	0.000695393	0.834478
153	163   	0.834285	0.00109978 	0.834762
154	152   	0.834476	0.00129504 	0.83497 
155	160   	0.834862	0.00065039 	0.835057
156	145   	0.834927	0.000949615	0.835128
157	147   	0.834886	0.00126665 	0.835235
158	153   	0.835119	0.000894841	0.835642
159	150   	0.835591	0.000357567	0.836017
160	155   	0.835774	0.00201251 	0.836131
161	160   	0.836016	0.000624402	0.836228
162	148   	0.836177	0.000267152	0.836453
163	156   	0.836246	0.00104826 	0.836484
164	153   	0.836386	0.000660569	0.836668
165	143   	0.836438	0.00124033 	0.836774
166	146   	0.836707	0.000581723	0.8368  
167	154   	0.836693	0.000707472	0.83684 
168	155   	0.836694	0.00119548 	0.836937
169	144   	0.836848	0.000501296	0.837241
170	160   	0.837163	0.000655528	0.837363
171	148   	0.837218	0.000783571	0.837505
172	141   	0.837363	0.000667815	0.837612
173	150   	0.837492	0.000675375	0.837882
174	147   	0.83777 	0.000573826	0.837976
175	154   	0.837814	0.00144057 	0.838587
176	158   	0.838458	0.000872835	0.838771
177	149   	0.8387  	0.000498841	0.839113
178	139   	0.838894	0.00149509 	0.839181
179	147   	0.839096	0.000564448	0.839699
180	160   	0.839615	0.00043377 	0.839815
181	156   	0.839584	0.00118641 	0.839933
182	147   	0.839829	0.000628897	0.840111
183	157   	0.839943	0.000812277	0.84016 
184	160   	0.840038	0.000631395	0.840332
185	141   	0.840191	0.00079681 	0.840476
186	160   	0.840273	0.0010419  	0.840591
187	147   	0.840456	0.000739991	0.840716
188	159   	0.840506	0.00136745 	0.840924
189	156   	0.840863	0.000376277	0.841395
190	153   	0.841282	0.00067682 	0.841461
191	158   	0.841279	0.0013392  	0.841541
192	148   	0.841472	0.000462463	0.841626
193	155   	0.841471	0.000911897	0.842115
194	156   	0.841944	0.000982815	0.842242
195	141   	0.842153	0.000469118	0.84243 
196	151   	0.842362	0.000279597	0.842466
197	160   	0.842245	0.00118746 	0.842821
198	167   	0.842629	0.000939457	0.843663
199	143   	0.843455	0.00124404 	0.843698
200	147   	0.843557	0.000737518	0.843725
201	158   	0.843515	0.00127214 	0.843958
202	148   	0.843907	0.000384689	0.844134
203	148   	0.844068	0.000420605	0.844235
204	160   	0.844177	0.000420151	0.844669
205	157   	0.844532	0.000760734	0.844797
206	147   	0.844524	0.00128891 	0.845087
207	144   	0.844909	0.00101898 	0.84537 
208	146   	0.845233	0.000815396	0.845436
209	157   	0.845248	0.000936422	0.845568
210	152   	0.845433	0.000977339	0.845896
211	153   	0.84578 	0.000737096	0.845956
212	151   	0.845824	0.000959015	0.846021
213	152   	0.845969	0.000411333	0.846143
214	142   	0.846061	0.000561135	0.84622 
215	139   	0.846092	0.000830934	0.846351
216	158   	0.846215	0.000603821	0.846387
217	148   	0.846231	0.0010173  	0.846456
218	151   	0.846345	0.000516562	0.846771
219	145   	0.846575	0.0010557  	0.846875
220	161   	0.846775	0.000656299	0.846959
221	156   	0.846676	0.00162752 	0.84704 
222	148   	0.846927	0.000781758	0.847334
223	156   	0.847097	0.0010449  	0.847464
224	150   	0.847299	0.000917356	0.847549
225	158   	0.847467	0.000542556	0.848585
226	148   	0.848522	0.000424513	0.848678
227	149   	0.848566	0.000584248	0.848975
228	147   	0.848876	0.000525857	0.849098
229	155   	0.848934	0.000856057	0.849226
230	156   	0.849111	0.000917393	0.849369
231	157   	0.849219	0.000786156	0.849593
232	147   	0.849291	0.00151683 	0.849755
233	149   	0.849626	0.000644578	0.849824
234	153   	0.84967 	0.00118497 	0.849907
235	165   	0.849643	0.00127807 	0.849981
236	135   	0.849854	0.00105252 	0.850026
237	152   	0.849988	0.000293618	0.850085
238	152   	0.849828	0.00147957 	0.850119
239	157   	0.849973	0.00110886 	0.850237
240	150   	0.850135	0.000721764	0.850348
241	150   	0.85012 	0.00124205 	0.850414
242	148   	0.850268	0.000973837	0.850439
243	163   	0.850232	0.00133445 	0.850506
244	157   	0.850314	0.00104246 	0.850654
245	157   	0.850483	0.00110163 	0.851309
246	150   	0.85109 	0.00117872 	0.851601
247	155   	0.851448	0.000700031	0.851627
248	143   	0.851522	0.000765512	0.851701
249	158   	0.851593	0.00068029 	0.851756
250	151   	0.85145 	0.00201444 	0.851873
251	165   	0.85163 	0.00134278 	0.852159
252	153   	0.851994	0.0013847  	0.852429
253	149   	0.852176	0.00175702 	0.855014
254	155   	0.854795	0.00124796 	0.855964
255	149   	0.855854	0.000673043	0.856422
256	152   	0.856328	0.000577156	0.85649 
257	145   	0.85625 	0.00121363 	0.856539
258	155   	0.85629 	0.00117523 	0.85663 
259	152   	0.856305	0.0020251  	0.856649
260	159   	0.856491	0.000812275	0.856715
261	137   	0.856479	0.0011286  	0.857516
262	143   	0.857351	0.00124846 	0.857553
263	143   	0.857378	0.00076789 	0.857613
264	153   	0.857491	0.000571281	0.857652
265	150   	0.857472	0.00106477 	0.857847
266	144   	0.857601	0.00140064 	0.858042
267	159   	0.857853	0.000838335	0.858625
268	152   	0.858517	0.000697141	0.858674
269	158   	0.858576	0.000488569	0.858724
270	152   	0.85863 	0.000487144	0.858787
271	145   	0.858671	0.000863236	0.85894 
272	147   	0.858774	0.000960967	0.859108
273	145   	0.858919	0.000754771	0.859146
274	151   	0.85894 	0.00081734 	0.859179
275	154   	0.858905	0.0013501  	0.859265
276	148   	0.859196	0.000360463	0.859413
277	144   	0.859365	0.000323041	0.859504
278	148   	0.859274	0.00112412 	0.859588
279	146   	0.859264	0.00199961 	0.859607
280	154   	0.859499	0.00053812 	0.859651
281	144   	0.859525	0.000732314	0.859696
282	149   	0.859645	0.000333944	0.859748
283	150   	0.859488	0.00125623 	0.859787
284	153   	0.859631	0.000758949	0.859898
285	150   	0.859639	0.00125029 	0.859963
286	150   	0.859753	0.0013129  	0.859987
287	151   	0.85984 	0.000769228	0.860128
288	146   	0.859995	0.00090475 	0.8611  
289	143   	0.860876	0.00102267 	0.861212
290	157   	0.86099 	0.00101718 	0.861269
291	156   	0.860982	0.00125406 	0.861444
292	154   	0.861363	0.000343656	0.861521
293	154   	0.861352	0.00114427 	0.861557
294	160   	0.861358	0.00138055 	0.861587
295	154   	0.861473	0.000651138	0.861614
296	153   	0.861433	0.000876974	0.861655
297	152   	0.861429	0.00108987 	0.861746
298	156   	0.861498	0.00130729 	0.861835
299	152   	0.86161 	0.00165971 	0.861895
300	148   	0.861688	0.00104227 	0.861933
301	148   	0.861688	0.00116894 	0.862107
302	159   	0.8619  	0.00105498 	0.862157
303	146   	0.861878	0.00157774 	0.862354
304	152   	0.862153	0.00100424 	0.862388
305	156   	0.862263	0.00086412 	0.862434
306	138   	0.862292	0.000842936	0.862483
307	150   	0.8623  	0.000849868	0.862637
308	155   	0.862469	0.000995439	0.863623
309	168   	0.863484	0.000758776	0.863743
310	147   	0.863502	0.00141948 	0.863771
311	157   	0.863607	0.000881011	0.863807
312	158   	0.863697	0.00060823 	0.863824
313	153   	0.863685	0.000878886	0.863837
314	160   	0.863583	0.0014127  	0.863898
315	149   	0.863788	0.00064914 	0.864005
316	151   	0.863842	0.00095316 	0.864126
317	144   	0.863894	0.00108664 	0.864145
318	149   	0.863943	0.00102889 	0.86434 
319	133   	0.864266	0.000416082	0.864453
320	154   	0.864233	0.0012554  	0.864545
321	146   	0.86421 	0.00176603 	0.864609
322	161   	0.864393	0.00125327 	0.864657
323	148   	0.86454 	0.000729044	0.864815
324	160   	0.86455 	0.00171568 	0.864846
325	146   	0.864756	0.000767167	0.864928
326	148   	0.864811	0.000561257	0.864984
327	152   	0.864858	0.000619946	0.86501 
328	156   	0.864749	0.00125486 	0.865191
329	154   	0.864994	0.00112195 	0.865236
330	151   	0.864947	0.00164986 	0.865433
331	142   	0.865215	0.00140705 	0.865802
332	150   	0.865663	0.000752152	0.865839
333	156   	0.865495	0.00163561 	0.865885
334	151   	0.865809	0.000385101	0.865909
335	152   	0.865736	0.000916888	0.866084
336	145   	0.865956	0.000719098	0.866136
337	159   	0.866087	0.000341553	0.866178
338	152   	0.865925	0.00127818 	0.866343
339	156   	0.86627 	0.000386219	0.866466
340	150   	0.866272	0.00144851 	0.866521
341	160   	0.866401	0.000740898	0.86666 
342	158   	0.866447	0.00108141 	0.866706
343	149   	0.86658 	0.00108899 	0.866808
344	151   	0.86662 	0.00140369 	0.866839
345	153   	0.866751	0.000421533	0.867002
346	159   	0.866818	0.00119211 	0.867114
347	147   	0.867011	0.000565945	0.867123
348	154   	0.866903	0.00110803 	0.867136
349	160   	0.866873	0.00163133 	0.867213
350	143   	0.867056	0.000757976	0.867251
351	149   	0.867137	0.000748445	0.867316
352	146   	0.866962	0.00151582 	0.867371
353	152   	0.867203	0.000891716	0.867403
354	154   	0.867355	0.000287117	0.867733
355	146   	0.867413	0.00177543 	0.867818
356	149   	0.86765 	0.000947191	0.867959
357	157   	0.867585	0.00192355 	0.868007
358	154   	0.867887	0.000668037	0.868075
359	161   	0.867819	0.0012549  	0.868123
360	148   	0.867861	0.00130846 	0.868261
361	156   	0.868077	0.0010381  	0.868345
362	157   	0.868268	0.000436121	0.868372
363	159   	0.868178	0.00101536 	0.868408
364	140   	0.868302	0.000713783	0.868486
365	152   	0.868267	0.00104464 	0.868522
366	148   	0.868368	0.000996616	0.868617
367	158   	0.868407	0.00104651 	0.868707
368	155   	0.868545	0.000913775	0.868805
369	156   	0.868636	0.000767577	0.868846
370	147   	0.868601	0.0016972  	0.868957
371	158   	0.868784	0.000869583	0.869283
372	153   	0.86909 	0.00136523 	0.869463
373	152   	0.869287	0.00105595 	0.869833
374	146   	0.869709	0.000583237	0.869866
375	138   	0.869782	0.000392275	0.869939
376	147   	0.869751	0.00118913 	0.869997
377	158   	0.869695	0.00168719 	0.870118
378	149   	0.869907	0.00110781 	0.870193
379	147   	0.869832	0.00187194 	0.87022 
380	157   	0.870125	0.00056465 	0.870259
381	153   	0.870165	0.000647442	0.870353
382	145   	0.870151	0.00112617 	0.870469
383	155   	0.870343	0.000743638	0.870578
384	149   	0.870257	0.00182456 	0.870801
385	160   	0.87063 	0.000854589	0.870814
386	162   	0.870764	0.000331263	0.870977
387	154   	0.870865	0.000771276	0.871183
388	147   	0.870951	0.00141377 	0.871195
389	147   	0.871022	0.00133967 	0.871655
390	145   	0.871536	0.000701659	0.87168 
391	150   	0.871548	0.000771124	0.871724
392	164   	0.871581	0.000948196	0.871862
393	158   	0.871519	0.00159414 	0.871881
394	149   	0.871692	0.00086803 	0.872132
395	149   	0.872054	0.000828495	0.872161
396	152   	0.872033	0.000665332	0.872192
397	153   	0.872049	0.000710921	0.872223
398	139   	0.872003	0.00121879 	0.87228 
399	151   	0.872136	0.000744567	0.872409
400	159   	0.872266	0.000905641	0.872421
401	153   	0.872299	0.000690051	0.87248 
402	155   	0.872174	0.00172367 	0.872524
403	154   	0.87236 	0.0007052  	0.872554
404	135   	0.872377	0.00117026 	0.872581
405	142   	0.872352	0.00106312 	0.872773
406	152   	0.872492	0.00129418 	0.872789
407	148   	0.872644	0.000902298	0.872824
408	155   	0.872749	0.000460878	0.872838
409	154   	0.872655	0.00129904 	0.872857
410	149   	0.872648	0.000967887	0.872955
411	161   	0.872643	0.0013367  	0.873105
412	144   	0.872838	0.0015167  	0.873225
413	163   	0.873033	0.00108981 	0.873283
414	145   	0.873   	0.00181295 	0.873367
415	150   	0.873084	0.00168826 	0.873435
416	157   	0.873176	0.00166872 	0.873464
417	149   	0.873218	0.00127742 	0.873575
418	158   	0.873431	0.000758594	0.873617
419	147   	0.873226	0.0016844  	0.873632
420	143   	0.873298	0.00146024 	0.873678
421	155   	0.873439	0.00127814 	0.873762
422	145   	0.873527	0.00128723 	0.873778
423	147   	0.873417	0.00159467 	0.873809
424	150   	0.873532	0.00140718 	0.873874
425	144   	0.873521	0.00176313 	0.87395 
426	151   	0.873788	0.00105793 	0.87399 
427	149   	0.873828	0.00087974 	0.874016
428	152   	0.873888	0.000968226	0.874208
429	147   	0.873963	0.00120855 	0.874253
430	155   	0.87402 	0.00130878 	0.87441 
431	149   	0.874328	0.000397293	0.874572
432	156   	0.874423	0.00113132 	0.874598
433	153   	0.874496	0.000709907	0.874768
434	147   	0.874484	0.00143792 	0.874839
435	153   	0.874606	0.001195   	0.874874
436	146   	0.874653	0.0013699  	0.874889
437	163   	0.874614	0.00165542 	0.875012
438	153   	0.87487 	0.00114568 	0.875153
439	143   	0.874976	0.000989379	0.875198
440	163   	0.875056	0.000831809	0.875246
441	160   	0.874927	0.00136895 	0.87525 
442	154   	0.875112	0.000724847	0.875257
443	142   	0.874941	0.0016924  	0.875577
444	154   	0.875302	0.00165703 	0.875586
445	152   	0.875477	0.000465616	0.875617
446	147   	0.875378	0.0015575  	0.875657
447	151   	0.875382	0.00183426 	0.875759
448	144   	0.875549	0.00135293 	0.875816
449	157   	0.875489	0.00180822 	0.87598 
450	140   	0.875776	0.00141409 	0.876068
451	149   	0.875876	0.0013883  	0.87609 
452	163   	0.875777	0.00164309 	0.876109
453	151   	0.875993	0.000586252	0.876158
454	155   	0.875989	0.000756294	0.876175
455	150   	0.876002	0.0009366  	0.876183
456	162   	0.876053	0.000798956	0.876264
457	152   	0.876   	0.00131102 	0.876276
458	160   	0.876134	0.000807395	0.876324
459	154   	0.87597 	0.00158707 	0.87635 
460	146   	0.876011	0.00173472 	0.876385
461	141   	0.876174	0.00131533 	0.876484
462	143   	0.876348	0.000769181	0.876555
463	162   	0.876297	0.00161336 	0.8766  
464	150   	0.876491	0.000692641	0.876644
465	150   	0.876504	0.000706446	0.876723
466	152   	0.876338	0.00210145 	0.876739
467	165   	0.87634 	0.00170794 	0.876755
468	158   	0.87638 	0.00191568 	0.876811
469	151   	0.876603	0.00106821 	0.876826
470	156   	0.876708	0.000788471	0.876866
471	161   	0.876728	0.000826569	0.87689 
472	149   	0.876765	0.000947455	0.876914
473	142   	0.876792	0.000765395	0.877449
474	151   	0.877286	0.000646713	0.877508
475	146   	0.877337	0.0010215  	0.877537
476	153   	0.87736 	0.0011978  	0.878176
477	150   	0.877888	0.00127692 	0.878231
478	145   	0.878029	0.00103868 	0.878248
479	150   	0.878081	0.000865602	0.87844 
480	159   	0.878143	0.00142082 	0.878487
481	158   	0.878204	0.00129137 	0.878567
482	152   	0.878477	0.000630922	0.878599
483	152   	0.878488	0.00064855 	0.878652
484	144   	0.878534	0.000787918	0.878703
485	156   	0.878554	0.00100983 	0.878819
486	153   	0.878423	0.00182411 	0.878907
487	152   	0.878707	0.00109429 	0.878977
488	155   	0.878849	0.000592529	0.879015
489	146   	0.878963	0.000248022	0.879409
490	155   	0.879197	0.00106118 	0.879417
491	158   	0.879242	0.000883223	0.879479
492	151   	0.879233	0.00138513 	0.879558
493	143   	0.879247	0.00199453 	0.879561
494	151   	0.879332	0.00111681 	0.879607
495	157   	0.879193	0.0019633  	0.87968 
496	147   	0.879525	0.000790951	0.879716
497	151   	0.879654	0.000376942	0.87975 
498	165   	0.879536	0.00113949 	0.879794
499	155   	0.879469	0.00187177 	0.879839
500	147   	0.879625	0.00127901 	0.879888